       0.1   0.112463   0.112463   0.112463
     0.225   0.249665   0.249665   0.249665
      0.35   0.379382   0.379382   0.379382
     0.475   0.498258   0.498258   0.498258
       0.6   0.603856   0.603856   0.603856
     0.725   0.694781   0.694781   0.694781
      0.85   0.770668   0.770668   0.770668
     0.975   0.832062   0.832062   0.832061
       1.1   0.880205   0.880205   0.880205
     1.225     0.9168     0.9168     0.9168
      1.35   0.943762   0.943762   0.943762
     1.475   0.963018   0.963018   0.963018
       1.6   0.976348   0.976348   0.976348
     1.725   0.985293   0.985293   0.985293
      1.85   0.991111   0.991111   0.991111
     1.975   0.994779   0.994779   0.994779
       2.1   0.997021   0.997021    0.99702
     2.225   0.998348   0.998348   0.998348
      2.35   0.999111   0.999111   0.999111
     2.475   0.999535   0.999535   0.999535
       2.6   0.999764   0.999764   0.999764
     2.725   0.999884   0.999884   0.999884
      2.85   0.999944   0.999944   0.999944
     2.975   0.999974   0.999974   0.999974
       3.1   0.999988   0.999988   0.999988
     3.225   0.999995   0.999995   0.999995
      3.35   0.999998   0.999998   0.999998
     3.475   0.999999   0.999999   0.999999
       3.6          1          1          1
     3.725          1          1          1
      3.85          1          1          1
     3.975          1          1          1
       4.1          1          1          1
     4.225          1          1          1
      4.35          1          1          1
     4.475          1          1          1
       4.6          1          1          1
     4.725          1          1          1
      4.85          1          1          1
     4.975          1          1          1
