        -3  -0.999978  -0.999978  -0.999978
    -2.875  -0.999952  -0.999952  -0.999952
     -2.75  -0.999899  -0.999899  -0.999899
    -2.625  -0.999795  -0.999795  -0.999795
      -2.5  -0.999593  -0.999593  -0.999593
    -2.375  -0.999217  -0.999217  -0.999217
     -2.25  -0.998537  -0.998537  -0.998537
    -2.125  -0.997346  -0.997346  -0.997346
        -2  -0.995322  -0.995322  -0.995322
    -1.875   -0.99199   -0.99199   -0.99199
     -1.75  -0.986672  -0.986672  -0.986672
    -1.625  -0.978444  -0.978444  -0.978444
      -1.5  -0.966105  -0.966105  -0.966105
    -1.375   -0.94817   -0.94817   -0.94817
     -1.25    -0.9229    -0.9229    -0.9229
    -1.125  -0.888388  -0.888388  -0.888388
        -1  -0.842701  -0.842701  -0.842701
    -0.875  -0.784075  -0.784075  -0.784075
     -0.75  -0.711156  -0.711156  -0.711156
    -0.625  -0.623241  -0.623241  -0.623241
      -0.5    -0.5205    -0.5205    -0.5205
    -0.375  -0.404117  -0.404117  -0.404117
     -0.25  -0.276326  -0.276326  -0.276326
    -0.125  -0.140316  -0.140316  -0.140316
         0          0          0          0
     0.125   0.140316   0.140316   0.140316
      0.25   0.276326   0.276326   0.276326
     0.375   0.404117   0.404117   0.404117
       0.5     0.5205     0.5205     0.5205
     0.625   0.623241   0.623241   0.623241
      0.75   0.711156   0.711156   0.711156
     0.875   0.784075   0.784075   0.784075
         1   0.842701   0.842701   0.842701
     1.125   0.888388   0.888388   0.888388
      1.25     0.9229     0.9229     0.9229
     1.375    0.94817    0.94817    0.94817
       1.5   0.966105   0.966105   0.966105
     1.625   0.978444   0.978444   0.978444
      1.75   0.986672   0.986672   0.986672
     1.875    0.99199    0.99199    0.99199
         2   0.995322   0.995322   0.995322
     2.125   0.997346   0.997346   0.997346
      2.25   0.998537   0.998537   0.998537
     2.375   0.999217   0.999217   0.999217
       2.5   0.999593   0.999593   0.999593
     2.625   0.999795   0.999795   0.999795
      2.75   0.999899   0.999899   0.999899
     2.875   0.999952   0.999952   0.999952
