

# index 0: func.
         0          0
       0.1       0.05
       0.2        0.1
       0.3       0.15
       0.4        0.2
       0.5       0.25
       0.6        0.3
       0.7       0.35
       0.8        0.4
       0.9       0.45
         1        0.5
       1.1       0.55
       1.2        0.6
       1.3       0.65
       1.4        0.7
       1.5       0.75
       1.6        0.8
       1.7       0.85
       1.8        0.9
       1.9       0.95
         2          1
       2.1       1.05
       2.2        1.1
       2.3       1.15
       2.4        1.2
       2.5       1.25
       2.6        1.3
       2.7       1.35
       2.8        1.4
       2.9       1.45
         3        1.5
       3.1       1.55
       3.2        1.6
       3.3       1.65
       3.4        1.7
       3.5       1.75
       3.6        1.8
       3.7       1.85
       3.8        1.9
       3.9       1.95
         4          2
       4.1       2.05
       4.2        2.1
       4.3       2.15
       4.4        2.2
       4.5       2.25
       4.6        2.3
       4.7       2.35
       4.8        2.4
       4.9       2.45
         5        2.5
       5.1       2.55
       5.2        2.6
       5.3       2.65
       5.4        2.7
       5.5       2.75
       5.6        2.8
       5.7       2.85
       5.8        2.9
       5.9       2.95
         6          3
       6.1       3.05
       6.2        3.1
       6.3       3.15
       6.4        3.2
       6.5       3.25
       6.6        3.3
       6.7       3.35
       6.8        3.4
       6.9       3.45
         7        3.5
       7.1       3.55
       7.2        3.6
       7.3       3.65
       7.4        3.7
       7.5       3.75
       7.6        3.8
       7.7       3.85
       7.8        3.9
       7.9       3.95
         8          4
       8.1       4.05
       8.2        4.1
       8.3       4.15
       8.4        4.2
       8.5       4.25
       8.6        4.3
       8.7       4.35
       8.8        4.4
       8.9       4.45
         9        4.5
       9.1       4.55
       9.2        4.6
       9.3       4.65
       9.4        4.7
       9.5       4.75
       9.6        4.8
       9.7       4.85
       9.8        4.9
       9.9       4.95
        10          5


# index 1: Mine.
         0          0          0
       0.1       0.05     0.0025
       0.2        0.1       0.01
       0.3       0.15     0.0225
       0.4        0.2       0.04
       0.5       0.25     0.0625
       0.6        0.3       0.09
       0.7       0.35     0.1225
       0.8        0.4       0.16
       0.9       0.45     0.2025
         1        0.5       0.25
       1.1       0.55     0.3025
       1.2        0.6       0.36
       1.3       0.65     0.4225
       1.4        0.7       0.49
       1.5       0.75     0.5625
       1.6        0.8       0.64
       1.7       0.85     0.7225
       1.8        0.9       0.81
       1.9       0.95     0.9025
         2          1          1
       2.1       1.05     1.1025
       2.2        1.1       1.21
       2.3       1.15     1.3225
       2.4        1.2       1.44
       2.5       1.25     1.5625
       2.6        1.3       1.69
       2.7       1.35     1.8225
       2.8        1.4       1.96
       2.9       1.45     2.1025
         3        1.5       2.25
       3.1       1.55     2.4025
       3.2        1.6       2.56
       3.3       1.65     2.7225
       3.4        1.7       2.89
       3.5       1.75     3.0625
       3.6        1.8       3.24
       3.7       1.85     3.4225
       3.8        1.9       3.61
       3.9       1.95     3.8025
         4          2          4
       4.1       2.05     4.2025
       4.2        2.1       4.41
       4.3       2.15     4.6225
       4.4        2.2       4.84
       4.5       2.25     5.0625
       4.6        2.3       5.29
       4.7       2.35     5.5225
       4.8        2.4       5.76
       4.9       2.45     6.0025
         5        2.5       6.25
       5.1       2.55     6.5025
       5.2        2.6       6.76
       5.3       2.65     7.0225
       5.4        2.7       7.29
       5.5       2.75     7.5625
       5.6        2.8       7.84
       5.7       2.85     8.1225
       5.8        2.9       8.41
       5.9       2.95     8.7025
         6          3          9
       6.1       3.05     9.3025
       6.2        3.1       9.61
       6.3       3.15     9.9225
       6.4        3.2      10.24
       6.5       3.25    10.5625
       6.6        3.3      10.89
       6.7       3.35    11.2225
       6.8        3.4      11.56
       6.9       3.45    11.9025
         7        3.5      12.25
       7.1       3.55    12.6025
       7.2        3.6      12.96
       7.3       3.65    13.3225
       7.4        3.7      13.69
       7.5       3.75    14.0625
       7.6        3.8      14.44
       7.7       3.85    14.8225
       7.8        3.9      15.21
       7.9       3.95    15.6025
         8          4         16
       8.1       4.05    16.4025
       8.2        4.1      16.81
       8.3       4.15    17.2225
       8.4        4.2      17.64
       8.5       4.25    18.0625
       8.6        4.3      18.49
       8.7       4.35    18.9225
       8.8        4.4      19.36
       8.9       4.45    19.8025
         9        4.5      20.25
       9.1       4.55    20.7025
       9.2        4.6      21.16
       9.3       4.65    21.6225
       9.4        4.7      22.09
       9.5       4.75    22.5625
       9.6        4.8      23.04
       9.7       4.85    23.5225
       9.8        4.9      24.01
       9.9       4.95    24.5025
        10          5         25


# index 2: gsl
         0          0          0
       0.1       0.05     0.0025
       0.2        0.1       0.01
       0.3       0.15     0.0225
       0.4        0.2       0.04
       0.5       0.25     0.0625
       0.6        0.3       0.09
       0.7       0.35     0.1225
       0.8        0.4       0.16
       0.9       0.45     0.2025
         1        0.5       0.25
       1.1       0.55     0.3025
       1.2        0.6       0.36
       1.3       0.65     0.4225
       1.4        0.7       0.49
       1.5       0.75     0.5625
       1.6        0.8       0.64
       1.7       0.85     0.7225
       1.8        0.9       0.81
       1.9       0.95     0.9025
         2          1          1
       2.1       1.05     1.1025
       2.2        1.1       1.21
       2.3       1.15     1.3225
       2.4        1.2       1.44
       2.5       1.25     1.5625
       2.6        1.3       1.69
       2.7       1.35     1.8225
       2.8        1.4       1.96
       2.9       1.45     2.1025
         3        1.5       2.25
       3.1       1.55     2.4025
       3.2        1.6       2.56
       3.3       1.65     2.7225
       3.4        1.7       2.89
       3.5       1.75     3.0625
       3.6        1.8       3.24
       3.7       1.85     3.4225
       3.8        1.9       3.61
       3.9       1.95     3.8025
         4          2          4
       4.1       2.05     4.2025
       4.2        2.1       4.41
       4.3       2.15     4.6225
       4.4        2.2       4.84
       4.5       2.25     5.0625
       4.6        2.3       5.29
       4.7       2.35     5.5225
       4.8        2.4       5.76
       4.9       2.45     6.0025
         5        2.5       6.25
       5.1       2.55     6.5025
       5.2        2.6       6.76
       5.3       2.65     7.0225
       5.4        2.7       7.29
       5.5       2.75     7.5625
       5.6        2.8       7.84
       5.7       2.85     8.1225
       5.8        2.9       8.41
       5.9       2.95     8.7025
         6          3          9
       6.1       3.05     9.3025
       6.2        3.1       9.61
       6.3       3.15     9.9225
       6.4        3.2      10.24
       6.5       3.25    10.5625
       6.6        3.3      10.89
       6.7       3.35    11.2225
       6.8        3.4      11.56
       6.9       3.45    11.9025
         7        3.5      12.25
       7.1       3.55    12.6025
       7.2        3.6      12.96
       7.3       3.65    13.3225
       7.4        3.7      13.69
       7.5       3.75    14.0625
       7.6        3.8      14.44
       7.7       3.85    14.8225
       7.8        3.9      15.21
       7.9       3.95    15.6025
         8          4         16
       8.1       4.05    16.4025
       8.2        4.1      16.81
       8.3       4.15    17.2225
       8.4        4.2      17.64
       8.5       4.25    18.0625
       8.6        4.3      18.49
       8.7       4.35    18.9225
       8.8        4.4      19.36
       8.9       4.45    19.8025
         9        4.5      20.25
       9.1       4.55    20.7025
       9.2        4.6      21.16
       9.3       4.65    21.6225
       9.4        4.7      22.09
       9.5       4.75    22.5625
       9.6        4.8      23.04
       9.7       4.85    23.5225
       9.8        4.9      24.01
       9.9       4.95    24.5025
        10          5         25


# index 3: quad
         0          0          0
       0.1       0.05     0.0025
       0.2        0.1       0.01
       0.3       0.15     0.0225
       0.4        0.2       0.04
       0.5       0.25     0.0625
       0.6        0.3       0.09
       0.7       0.35     0.1225
       0.8        0.4       0.16
       0.9       0.45     0.2025
         1        0.5       0.25
       1.1       0.55     0.0525
       1.2        0.6       0.11
       1.3       0.65     0.1725
       1.4        0.7       0.24
       1.5       0.75     0.3125
       1.6        0.8       0.39
       1.7       0.85     0.4725
       1.8        0.9       0.56
       1.9       0.95     0.6525
         2          1 4.44089e-16
       2.1       1.05     0.1025
       2.2        1.1       0.21
       2.3       1.15     0.3225
       2.4        1.2       0.44
       2.5       1.25     0.5625
       2.6        1.3       0.69
       2.7       1.35     0.8225
       2.8        1.4       0.96
       2.9       1.45     1.1025
         3        1.5 1.9984e-15
       3.1       1.55     0.1525
       3.2        1.6       0.31
       3.3       1.65     0.4725
       3.4        1.7       0.64
       3.5       1.75     0.8125
       3.6        1.8       0.99
       3.7       1.85     1.1725
       3.8        1.9       1.36
       3.9       1.95     1.5525
         4          2 3.55271e-15
       4.1       2.05     0.2025
       4.2        2.1       0.41
       4.3       2.15     0.6225
       4.4        2.2       0.84
       4.5       2.25     1.0625
       4.6        2.3       1.29
       4.7       2.35     1.5225
       4.8        2.4       1.76
       4.9       2.45     2.0025
         5        2.5       2.25
       5.1       2.55     0.2525
       5.2        2.6       0.51
       5.3       2.65     0.7725
       5.4        2.7       1.04
       5.5       2.75     1.3125
       5.6        2.8       1.59
       5.7       2.85     1.8725
       5.8        2.9       2.16
       5.9       2.95     2.4525
         6          3       2.75
       6.1       3.05     0.3025
       6.2        3.1       0.61
       6.3       3.15     0.9225
       6.4        3.2       1.24
       6.5       3.25     1.5625
       6.6        3.3       1.89
       6.7       3.35     2.2225
       6.8        3.4       2.56
       6.9       3.45     2.9025
         7        3.5       3.25
       7.1       3.55     0.3525
       7.2        3.6       0.71
       7.3       3.65     1.0725
       7.4        3.7       1.44
       7.5       3.75     1.8125
       7.6        3.8       2.19
       7.7       3.85     2.5725
       7.8        3.9       2.96
       7.9       3.95     3.3525
         8          4       3.75
       8.1       4.05     0.4025
       8.2        4.1       0.81
       8.3       4.15     1.2225
       8.4        4.2       1.64
       8.5       4.25     2.0625
       8.6        4.3       2.49
       8.7       4.35     2.9225
       8.8        4.4       3.36
       8.9       4.45     3.8025
         9        4.5       4.25
       9.1       4.55     0.4525
       9.2        4.6       0.91
       9.3       4.65     1.3725
       9.4        4.7       1.84
       9.5       4.75     2.3125
       9.6        4.8       2.79
       9.7       4.85     3.2725
       9.8        4.9       3.76
       9.9       4.95     4.2525
        10          5       4.75
