
  5.2e+03  -2.6e+03         0         0         0         0         0         0         0         0         0         0         0         0         0         0         0         0         0         0         0         0         0         0         0         0         0         0         0         0         0         0         0         0         0         0         0         0         0         0         0         0         0         0         0         0         0         0         0         0 
 -2.6e+03   5.2e+03  -2.6e+03         0         0         0         0         0         0         0         0         0         0         0         0         0         0         0         0         0         0         0         0         0         0         0         0         0         0         0         0         0         0         0         0         0         0         0         0         0         0         0         0         0         0         0         0         0         0         0 
        0  -2.6e+03   5.2e+03  -2.6e+03         0         0         0         0         0         0         0         0         0         0         0         0         0         0         0         0         0         0         0         0         0         0         0         0         0         0         0         0         0         0         0         0         0         0         0         0         0         0         0         0         0         0         0         0         0         0 
        0         0  -2.6e+03   5.2e+03  -2.6e+03         0         0         0         0         0         0         0         0         0         0         0         0         0         0         0         0         0         0         0         0         0         0         0         0         0         0         0         0         0         0         0         0         0         0         0         0         0         0         0         0         0         0         0         0         0 
        0         0         0  -2.6e+03   5.2e+03  -2.6e+03         0         0         0         0         0         0         0         0         0         0         0         0         0         0         0         0         0         0         0         0         0         0         0         0         0         0         0         0         0         0         0         0         0         0         0         0         0         0         0         0         0         0         0         0 
        0         0         0         0  -2.6e+03   5.2e+03  -2.6e+03         0         0         0         0         0         0         0         0         0         0         0         0         0         0         0         0         0         0         0         0         0         0         0         0         0         0         0         0         0         0         0         0         0         0         0         0         0         0         0         0         0         0         0 
        0         0         0         0         0  -2.6e+03   5.2e+03  -2.6e+03         0         0         0         0         0         0         0         0         0         0         0         0         0         0         0         0         0         0         0         0         0         0         0         0         0         0         0         0         0         0         0         0         0         0         0         0         0         0         0         0         0         0 
        0         0         0         0         0         0  -2.6e+03   5.2e+03  -2.6e+03         0         0         0         0         0         0         0         0         0         0         0         0         0         0         0         0         0         0         0         0         0         0         0         0         0         0         0         0         0         0         0         0         0         0         0         0         0         0         0         0         0 
        0         0         0         0         0         0         0  -2.6e+03   5.2e+03  -2.6e+03         0         0         0         0         0         0         0         0         0         0         0         0         0         0         0         0         0         0         0         0         0         0         0         0         0         0         0         0         0         0         0         0         0         0         0         0         0         0         0         0 
        0         0         0         0         0         0         0         0  -2.6e+03   5.2e+03  -2.6e+03         0         0         0         0         0         0         0         0         0         0         0         0         0         0         0         0         0         0         0         0         0         0         0         0         0         0         0         0         0         0         0         0         0         0         0         0         0         0         0 
        0         0         0         0         0         0         0         0         0  -2.6e+03   5.2e+03  -2.6e+03         0         0         0         0         0         0         0         0         0         0         0         0         0         0         0         0         0         0         0         0         0         0         0         0         0         0         0         0         0         0         0         0         0         0         0         0         0         0 
        0         0         0         0         0         0         0         0         0         0  -2.6e+03   5.2e+03  -2.6e+03         0         0         0         0         0         0         0         0         0         0         0         0         0         0         0         0         0         0         0         0         0         0         0         0         0         0         0         0         0         0         0         0         0         0         0         0         0 
        0         0         0         0         0         0         0         0         0         0         0  -2.6e+03   5.2e+03  -2.6e+03         0         0         0         0         0         0         0         0         0         0         0         0         0         0         0         0         0         0         0         0         0         0         0         0         0         0         0         0         0         0         0         0         0         0         0         0 
        0         0         0         0         0         0         0         0         0         0         0         0  -2.6e+03   5.2e+03  -2.6e+03         0         0         0         0         0         0         0         0         0         0         0         0         0         0         0         0         0         0         0         0         0         0         0         0         0         0         0         0         0         0         0         0         0         0         0 
        0         0         0         0         0         0         0         0         0         0         0         0         0  -2.6e+03   5.2e+03  -2.6e+03         0         0         0         0         0         0         0         0         0         0         0         0         0         0         0         0         0         0         0         0         0         0         0         0         0         0         0         0         0         0         0         0         0         0 
        0         0         0         0         0         0         0         0         0         0         0         0         0         0  -2.6e+03   5.2e+03  -2.6e+03         0         0         0         0         0         0         0         0         0         0         0         0         0         0         0         0         0         0         0         0         0         0         0         0         0         0         0         0         0         0         0         0         0 
        0         0         0         0         0         0         0         0         0         0         0         0         0         0         0  -2.6e+03   5.2e+03  -2.6e+03         0         0         0         0         0         0         0         0         0         0         0         0         0         0         0         0         0         0         0         0         0         0         0         0         0         0         0         0         0         0         0         0 
        0         0         0         0         0         0         0         0         0         0         0         0         0         0         0         0  -2.6e+03   5.2e+03  -2.6e+03         0         0         0         0         0         0         0         0         0         0         0         0         0         0         0         0         0         0         0         0         0         0         0         0         0         0         0         0         0         0         0 
        0         0         0         0         0         0         0         0         0         0         0         0         0         0         0         0         0  -2.6e+03   5.2e+03  -2.6e+03         0         0         0         0         0         0         0         0         0         0         0         0         0         0         0         0         0         0         0         0         0         0         0         0         0         0         0         0         0         0 
        0         0         0         0         0         0         0         0         0         0         0         0         0         0         0         0         0         0  -2.6e+03   5.2e+03  -2.6e+03         0         0         0         0         0         0         0         0         0         0         0         0         0         0         0         0         0         0         0         0         0         0         0         0         0         0         0         0         0 
        0         0         0         0         0         0         0         0         0         0         0         0         0         0         0         0         0         0         0  -2.6e+03   5.2e+03  -2.6e+03         0         0         0         0         0         0         0         0         0         0         0         0         0         0         0         0         0         0         0         0         0         0         0         0         0         0         0         0 
        0         0         0         0         0         0         0         0         0         0         0         0         0         0         0         0         0         0         0         0  -2.6e+03   5.2e+03  -2.6e+03         0         0         0         0         0         0         0         0         0         0         0         0         0         0         0         0         0         0         0         0         0         0         0         0         0         0         0 
        0         0         0         0         0         0         0         0         0         0         0         0         0         0         0         0         0         0         0         0         0  -2.6e+03   5.2e+03  -2.6e+03         0         0         0         0         0         0         0         0         0         0         0         0         0         0         0         0         0         0         0         0         0         0         0         0         0         0 
        0         0         0         0         0         0         0         0         0         0         0         0         0         0         0         0         0         0         0         0         0         0  -2.6e+03   5.2e+03  -2.6e+03         0         0         0         0         0         0         0         0         0         0         0         0         0         0         0         0         0         0         0         0         0         0         0         0         0 
        0         0         0         0         0         0         0         0         0         0         0         0         0         0         0         0         0         0         0         0         0         0         0  -2.6e+03   5.2e+03  -2.6e+03         0         0         0         0         0         0         0         0         0         0         0         0         0         0         0         0         0         0         0         0         0         0         0         0 
        0         0         0         0         0         0         0         0         0         0         0         0         0         0         0         0         0         0         0         0         0         0         0         0  -2.6e+03   5.2e+03  -2.6e+03         0         0         0         0         0         0         0         0         0         0         0         0         0         0         0         0         0         0         0         0         0         0         0 
        0         0         0         0         0         0         0         0         0         0         0         0         0         0         0         0         0         0         0         0         0         0         0         0         0  -2.6e+03   5.2e+03  -2.6e+03         0         0         0         0         0         0         0         0         0         0         0         0         0         0         0         0         0         0         0         0         0         0 
        0         0         0         0         0         0         0         0         0         0         0         0         0         0         0         0         0         0         0         0         0         0         0         0         0         0  -2.6e+03   5.2e+03  -2.6e+03         0         0         0         0         0         0         0         0         0         0         0         0         0         0         0         0         0         0         0         0         0 
        0         0         0         0         0         0         0         0         0         0         0         0         0         0         0         0         0         0         0         0         0         0         0         0         0         0         0  -2.6e+03   5.2e+03  -2.6e+03         0         0         0         0         0         0         0         0         0         0         0         0         0         0         0         0         0         0         0         0 
        0         0         0         0         0         0         0         0         0         0         0         0         0         0         0         0         0         0         0         0         0         0         0         0         0         0         0         0  -2.6e+03   5.2e+03  -2.6e+03         0         0         0         0         0         0         0         0         0         0         0         0         0         0         0         0         0         0         0 
        0         0         0         0         0         0         0         0         0         0         0         0         0         0         0         0         0         0         0         0         0         0         0         0         0         0         0         0         0  -2.6e+03   5.2e+03  -2.6e+03         0         0         0         0         0         0         0         0         0         0         0         0         0         0         0         0         0         0 
        0         0         0         0         0         0         0         0         0         0         0         0         0         0         0         0         0         0         0         0         0         0         0         0         0         0         0         0         0         0  -2.6e+03   5.2e+03  -2.6e+03         0         0         0         0         0         0         0         0         0         0         0         0         0         0         0         0         0 
        0         0         0         0         0         0         0         0         0         0         0         0         0         0         0         0         0         0         0         0         0         0         0         0         0         0         0         0         0         0         0  -2.6e+03   5.2e+03  -2.6e+03         0         0         0         0         0         0         0         0         0         0         0         0         0         0         0         0 
        0         0         0         0         0         0         0         0         0         0         0         0         0         0         0         0         0         0         0         0         0         0         0         0         0         0         0         0         0         0         0         0  -2.6e+03   5.2e+03  -2.6e+03         0         0         0         0         0         0         0         0         0         0         0         0         0         0         0 
        0         0         0         0         0         0         0         0         0         0         0         0         0         0         0         0         0         0         0         0         0         0         0         0         0         0         0         0         0         0         0         0         0  -2.6e+03   5.2e+03  -2.6e+03         0         0         0         0         0         0         0         0         0         0         0         0         0         0 
        0         0         0         0         0         0         0         0         0         0         0         0         0         0         0         0         0         0         0         0         0         0         0         0         0         0         0         0         0         0         0         0         0         0  -2.6e+03   5.2e+03  -2.6e+03         0         0         0         0         0         0         0         0         0         0         0         0         0 
        0         0         0         0         0         0         0         0         0         0         0         0         0         0         0         0         0         0         0         0         0         0         0         0         0         0         0         0         0         0         0         0         0         0         0  -2.6e+03   5.2e+03  -2.6e+03         0         0         0         0         0         0         0         0         0         0         0         0 
        0         0         0         0         0         0         0         0         0         0         0         0         0         0         0         0         0         0         0         0         0         0         0         0         0         0         0         0         0         0         0         0         0         0         0         0  -2.6e+03   5.2e+03  -2.6e+03         0         0         0         0         0         0         0         0         0         0         0 
        0         0         0         0         0         0         0         0         0         0         0         0         0         0         0         0         0         0         0         0         0         0         0         0         0         0         0         0         0         0         0         0         0         0         0         0         0  -2.6e+03   5.2e+03  -2.6e+03         0         0         0         0         0         0         0         0         0         0 
        0         0         0         0         0         0         0         0         0         0         0         0         0         0         0         0         0         0         0         0         0         0         0         0         0         0         0         0         0         0         0         0         0         0         0         0         0         0  -2.6e+03   5.2e+03  -2.6e+03         0         0         0         0         0         0         0         0         0 
        0         0         0         0         0         0         0         0         0         0         0         0         0         0         0         0         0         0         0         0         0         0         0         0         0         0         0         0         0         0         0         0         0         0         0         0         0         0         0  -2.6e+03   5.2e+03  -2.6e+03         0         0         0         0         0         0         0         0 
        0         0         0         0         0         0         0         0         0         0         0         0         0         0         0         0         0         0         0         0         0         0         0         0         0         0         0         0         0         0         0         0         0         0         0         0         0         0         0         0  -2.6e+03   5.2e+03  -2.6e+03         0         0         0         0         0         0         0 
        0         0         0         0         0         0         0         0         0         0         0         0         0         0         0         0         0         0         0         0         0         0         0         0         0         0         0         0         0         0         0         0         0         0         0         0         0         0         0         0         0  -2.6e+03   5.2e+03  -2.6e+03         0         0         0         0         0         0 
        0         0         0         0         0         0         0         0         0         0         0         0         0         0         0         0         0         0         0         0         0         0         0         0         0         0         0         0         0         0         0         0         0         0         0         0         0         0         0         0         0         0  -2.6e+03   5.2e+03  -2.6e+03         0         0         0         0         0 
        0         0         0         0         0         0         0         0         0         0         0         0         0         0         0         0         0         0         0         0         0         0         0         0         0         0         0         0         0         0         0         0         0         0         0         0         0         0         0         0         0         0         0  -2.6e+03   5.2e+03  -2.6e+03         0         0         0         0 
        0         0         0         0         0         0         0         0         0         0         0         0         0         0         0         0         0         0         0         0         0         0         0         0         0         0         0         0         0         0         0         0         0         0         0         0         0         0         0         0         0         0         0         0  -2.6e+03   5.2e+03  -2.6e+03         0         0         0 
        0         0         0         0         0         0         0         0         0         0         0         0         0         0         0         0         0         0         0         0         0         0         0         0         0         0         0         0         0         0         0         0         0         0         0         0         0         0         0         0         0         0         0         0         0  -2.6e+03   5.2e+03  -2.6e+03         0         0 
        0         0         0         0         0         0         0         0         0         0         0         0         0         0         0         0         0         0         0         0         0         0         0         0         0         0         0         0         0         0         0         0         0         0         0         0         0         0         0         0         0         0         0         0         0         0  -2.6e+03   5.2e+03  -2.6e+03         0 
        0         0         0         0         0         0         0         0         0         0         0         0         0         0         0         0         0         0         0         0         0         0         0         0         0         0         0         0         0         0         0         0         0         0         0         0         0         0         0         0         0         0         0         0         0         0         0  -2.6e+03   5.2e+03  -2.6e+03 
        0         0         0         0         0         0         0         0         0         0         0         0         0         0         0         0         0         0         0         0         0         0         0         0         0         0         0         0         0         0         0         0         0         0         0         0         0         0         0         0         0         0         0         0         0         0         0         0  -2.6e+03   5.2e+03 


V

   0.0122   -0.0243    0.0364    0.0483      0.06    0.0715   -0.0828   -0.0937     0.104     0.114    -0.124     0.133    -0.142     -0.15    -0.158    -0.165    -0.171    -0.177    -0.182     0.187      0.19    -0.193     0.196    -0.197     0.198    -0.198     0.197     0.196    -0.193     -0.19    -0.187     0.182    -0.177    -0.171     0.165    -0.158     -0.15     0.142    -0.133     0.124     0.114    -0.104    0.0937   -0.0828   -0.0715     -0.06   -0.0483   -0.0364   -0.0243    0.0122 
   0.0243   -0.0483    0.0715    0.0937     0.114     0.133     -0.15    -0.165     0.177     0.187    -0.193     0.197    -0.198    -0.196     -0.19    -0.182    -0.171    -0.158    -0.142     0.124     0.104   -0.0828      0.06   -0.0364    0.0122    0.0122   -0.0364     -0.06    0.0828     0.104     0.124    -0.142     0.158     0.171    -0.182      0.19     0.196    -0.198     0.197    -0.193    -0.187     0.177    -0.165      0.15     0.133     0.114    0.0937    0.0715    0.0483   -0.0243 
   0.0364   -0.0715     0.104     0.133     0.158     0.177     -0.19    -0.197     0.197      0.19    -0.177     0.158    -0.133    -0.104   -0.0715   -0.0364 -1.42e-09    0.0364    0.0715    -0.104    -0.133     0.158    -0.177      0.19    -0.197     0.197     -0.19    -0.177     0.158     0.133     0.104   -0.0715    0.0364 -7.82e-10    0.0364   -0.0715    -0.104     0.133    -0.158     0.177      0.19    -0.197     0.197     -0.19    -0.177    -0.158    -0.133    -0.104   -0.0715    0.0364 
   0.0483   -0.0937     0.133     0.165     0.187     0.197    -0.196    -0.182     0.158     0.124   -0.0828    0.0364    0.0122      0.06     0.104     0.142     0.171      0.19     0.198    -0.193    -0.177      0.15    -0.114    0.0715   -0.0243   -0.0243    0.0715     0.114     -0.15    -0.177    -0.193     0.198     -0.19    -0.171     0.142    -0.104     -0.06    0.0122    0.0364   -0.0828    -0.124     0.158    -0.182     0.196     0.197     0.187     0.165     0.133    0.0937   -0.0483 
     0.06    -0.114     0.158     0.187     0.198      0.19    -0.165    -0.124    0.0715    0.0122    0.0483    -0.104      0.15     0.182     0.197     0.193     0.171     0.133    0.0828   -0.0243    0.0364   -0.0937     0.142    -0.177     0.196    -0.196     0.177     0.142   -0.0937   -0.0364    0.0243   -0.0828     0.133     0.171    -0.193     0.197     0.182     -0.15     0.104   -0.0483    0.0122   -0.0715     0.124    -0.165     -0.19    -0.198    -0.187    -0.158    -0.114      0.06 
   0.0715    -0.133     0.177     0.197      0.19     0.158    -0.104   -0.0364   -0.0364    -0.104     0.158     -0.19     0.197     0.177     0.133    0.0715  1.84e-10   -0.0715    -0.133     0.177     0.197     -0.19     0.158    -0.104    0.0364    0.0364    -0.104    -0.158      0.19     0.197     0.177    -0.133    0.0715   1.4e-09    0.0715    -0.133    -0.177     0.197     -0.19     0.158     0.104   -0.0364   -0.0364     0.104     0.158      0.19     0.197     0.177     0.133   -0.0715 
   0.0828     -0.15      0.19     0.196     0.165     0.104   -0.0243      0.06    -0.133    -0.182     0.198    -0.177     0.124    0.0483   -0.0364    -0.114    -0.171    -0.197    -0.187     0.142    0.0715    0.0122   -0.0937     0.158    -0.193     0.193    -0.158   -0.0937    0.0122   -0.0715    -0.142     0.187    -0.197    -0.171     0.114   -0.0364    0.0483    -0.124     0.177    -0.198    -0.182     0.133     -0.06   -0.0243    -0.104    -0.165    -0.196     -0.19     -0.15    0.0828 
   0.0937    -0.165     0.197     0.182     0.124    0.0364      0.06     0.142     -0.19    -0.193      0.15   -0.0715   -0.0243    -0.114    -0.177    -0.198    -0.171    -0.104   -0.0122   -0.0828    -0.158     0.196    -0.187     0.133   -0.0483   -0.0483     0.133     0.187    -0.196    -0.158   -0.0828   -0.0122     0.104     0.171    -0.198     0.177     0.114   -0.0243   -0.0715      0.15     0.193     -0.19     0.142     -0.06    0.0364     0.124     0.182     0.197     0.165   -0.0937 
    0.104    -0.177     0.197     0.158    0.0715   -0.0364     0.133      0.19     -0.19    -0.133    0.0364    0.0715    -0.158    -0.197    -0.177    -0.104  2.21e-09     0.104     0.177    -0.197    -0.158    0.0715    0.0364    -0.133      0.19     -0.19     0.133    0.0364    0.0715     0.158     0.197    -0.177     0.104  4.16e-10     0.104    -0.177    -0.197     0.158   -0.0715   -0.0364    -0.133      0.19     -0.19     0.133    0.0364   -0.0715    -0.158    -0.197    -0.177     0.104 
    0.114    -0.187      0.19     0.124    0.0122    -0.104     0.182     0.193    -0.133   -0.0243   -0.0937     0.177    -0.196    -0.142   -0.0364    0.0828     0.171     0.197      0.15   -0.0483    0.0715    -0.165     0.198    -0.158      0.06      0.06    -0.158    -0.198     0.165    0.0715   -0.0483      0.15    -0.197    -0.171    0.0828    0.0364     0.142    -0.196     0.177   -0.0937    0.0243    -0.133     0.193    -0.182    -0.104    0.0122     0.124      0.19     0.187    -0.114 
    0.124    -0.193     0.177    0.0828   -0.0483    -0.158     0.198      0.15   -0.0364    0.0937    -0.182      0.19    -0.114    0.0122     0.133     0.196     0.171    0.0715     -0.06     0.165     0.197    -0.142    0.0243     0.104    -0.187     0.187    -0.104    0.0243    -0.142    -0.197    -0.165      0.06    0.0715     0.171    -0.196     0.133    0.0122     0.114     -0.19     0.182    0.0937    0.0364     -0.15     0.198     0.158    0.0483   -0.0828    -0.177    -0.193     0.124 
    0.133    -0.197     0.158    0.0364    -0.104     -0.19     0.177    0.0715    0.0715     0.177     -0.19     0.104    0.0364     0.158     0.197     0.133 -2.59e-09    -0.133    -0.197     0.158    0.0364     0.104     -0.19     0.177   -0.0715   -0.0715     0.177      0.19    -0.104    0.0364     0.158    -0.197     0.133 -1.46e-09     0.133    -0.197    -0.158    0.0364     0.104     -0.19    -0.177    0.0715    0.0715    -0.177     -0.19    -0.104    0.0364     0.158     0.197    -0.133 
    0.142    -0.198     0.133   -0.0122     -0.15    -0.197     0.124   -0.0243     0.158     0.196    -0.114   -0.0364     0.165     0.193     0.104   -0.0483    -0.171     -0.19   -0.0937     -0.06    -0.177     0.187   -0.0828   -0.0715     0.182    -0.182    0.0715   -0.0828     0.187     0.177      0.06    0.0937     -0.19    -0.171    0.0483     0.104     0.193    -0.165    0.0364     0.114     0.196    -0.158    0.0243     0.124     0.197      0.15    0.0122    -0.133    -0.198     0.142 
     0.15    -0.196     0.104     -0.06    -0.182    -0.177    0.0483    -0.114     0.197     0.142    0.0122    -0.158     0.193    0.0937   -0.0715    -0.187    -0.171   -0.0364     0.124    -0.198    -0.133   -0.0243     0.165     -0.19    0.0828    0.0828     -0.19    -0.165    0.0243    -0.133    -0.198     0.124    0.0364     0.171    -0.187    0.0715   -0.0937     0.193    -0.158    0.0122    -0.142     0.197    -0.114   -0.0483    -0.177    -0.182     -0.06     0.104     0.196     -0.15 
    0.158     -0.19    0.0715    -0.104    -0.197    -0.133   -0.0364    -0.177     0.177    0.0364     0.133    -0.197     0.104   -0.0715     -0.19    -0.158  3.39e-09     0.158      0.19   -0.0715     0.104    -0.197     0.133    0.0364    -0.177     0.177   -0.0364     0.133    -0.197    -0.104    0.0715     -0.19     0.158 -1.67e-09     0.158     -0.19   -0.0715    -0.104     0.197    -0.133    0.0364    -0.177     0.177   -0.0364     0.133     0.197     0.104   -0.0715     -0.19     0.158 
    0.165    -0.182    0.0364    -0.142    -0.193   -0.0715    -0.114    -0.198     0.104   -0.0828     0.196    -0.133   -0.0483    -0.187    -0.158    0.0122     0.171     0.177    0.0243      0.15      0.19     -0.06    -0.124     0.197   -0.0937   -0.0937     0.197     0.124      0.06      0.19      0.15    0.0243    -0.177    -0.171    0.0122     0.158     0.187   -0.0483    -0.133     0.196    0.0828     0.104    -0.198     0.114   -0.0715    -0.193    -0.142    0.0364     0.182    -0.165 
    0.171    -0.171  4.24e-10    -0.171    -0.171  1.02e-09    -0.171    -0.171  5.96e-10    -0.171     0.171 -2.76e-09    -0.171    -0.171  1.23e-10     0.171     0.171  5.55e-10    -0.171     0.171  3.19e-10     0.171    -0.171  1.69e-09     0.171    -0.171 -1.46e-09    -0.171     0.171 -3.98e-09    -0.171     0.171 -1.41e-09     0.171    -0.171 -1.55e-09    -0.171     0.171  1.69e-09    -0.171    -0.171    -2e-10     0.171    -0.171  4.18e-09     0.171     0.171 -8.85e-10    -0.171     0.171 
    0.177    -0.158   -0.0364     -0.19    -0.133    0.0715    -0.197    -0.104    -0.104    -0.197    0.0715     0.133     -0.19   -0.0364     0.158     0.177 -1.14e-09    -0.177    -0.158   -0.0364     -0.19     0.133    0.0715    -0.197     0.104     0.104    -0.197   -0.0715    -0.133     -0.19   -0.0364    -0.158     0.177  3.16e-09     0.177    -0.158    0.0364     -0.19     0.133    0.0715     0.197    -0.104    -0.104     0.197    0.0715    -0.133     -0.19   -0.0364     0.158    -0.177 
    0.182    -0.142   -0.0715    -0.198   -0.0828     0.133    -0.187   -0.0122    -0.177     -0.15     -0.06     0.197   -0.0937     0.124      0.19    0.0243    -0.171    -0.158    0.0483    -0.196    -0.104    -0.114     0.193   -0.0364    -0.165     0.165    0.0364     0.193    -0.114     0.104     0.196   -0.0483    -0.158    -0.171   -0.0243      0.19     0.124    0.0937    -0.197      0.06     -0.15     0.177    0.0122    -0.187    -0.133    0.0828     0.198    0.0715    -0.142     0.182 
    0.187    -0.124    -0.104    -0.193   -0.0243     0.177    -0.142    0.0828    -0.197   -0.0483    -0.165     0.158      0.06     0.198    0.0715     -0.15    -0.171    0.0364     0.196   -0.0937     0.133    -0.182   -0.0122      0.19    -0.114    -0.114      0.19    0.0122     0.182     0.133   -0.0937     0.196   -0.0364     0.171     -0.15   -0.0715    -0.198      0.06     0.158    -0.165    0.0483    -0.197    0.0828     0.142     0.177   -0.0243    -0.193    -0.104     0.124    -0.187 
     0.19    -0.104    -0.133    -0.177    0.0364     0.197   -0.0715     0.158    -0.158    0.0715    -0.197    0.0364     0.177     0.133    -0.104     -0.19 -2.75e-09      0.19     0.104     0.133     0.177    0.0364    -0.197    0.0715     0.158    -0.158   -0.0715    -0.197    0.0364    -0.177    -0.133    -0.104      0.19  5.81e-10      0.19    -0.104     0.133    -0.177   -0.0364     0.197    0.0715     0.158    -0.158   -0.0715    -0.197   -0.0364     0.177     0.133    -0.104      0.19 
    0.193   -0.0828    -0.158     -0.15    0.0937      0.19    0.0122     0.196   -0.0715     0.165    -0.142    -0.104     0.187   -0.0243    -0.197     -0.06     0.171     0.133    -0.114     0.182   -0.0364     0.198   -0.0483    -0.177     0.124     0.124    -0.177    0.0483    -0.198   -0.0364     0.182    -0.114    -0.133    -0.171     -0.06     0.197    0.0243     0.187    -0.104    -0.142    -0.165   -0.0715     0.196   -0.0122      0.19    0.0937     -0.15    -0.158    0.0828    -0.193 
    0.196     -0.06    -0.177    -0.114     0.142     0.158    0.0937     0.187    0.0364     0.198   -0.0243     -0.19    0.0828    -0.165    -0.133     0.124     0.171   -0.0715    -0.193   -0.0122    -0.197    0.0483     0.182    -0.104     -0.15      0.15     0.104     0.182    0.0483     0.197    0.0122     0.193   -0.0715     0.171    -0.124    -0.133    -0.165   -0.0828      0.19    0.0243     0.198   -0.0364    -0.187    0.0937    -0.158    -0.142     0.114     0.177     -0.06     0.196 
    0.197   -0.0364     -0.19   -0.0715     0.177     0.104     0.158     0.133     0.133     0.158     0.104    -0.177   -0.0715     -0.19    0.0364     0.197 -4.45e-09    -0.197   -0.0364     -0.19   -0.0715    -0.177     0.104     0.158    -0.133    -0.133     0.158    -0.104     0.177   -0.0715     -0.19   -0.0364     0.197 -2.13e-09     0.197   -0.0364      0.19   -0.0715    -0.177     0.104    -0.158     0.133     0.133    -0.158     0.104     0.177   -0.0715     -0.19    0.0364    -0.197 
    0.198   -0.0122    -0.197   -0.0243     0.196    0.0364     0.193    0.0483      0.19      0.06     0.187   -0.0715    -0.182   -0.0828     0.177    0.0937    -0.171    -0.104     0.165    -0.114     0.158    -0.124     -0.15     0.133     0.142    -0.142    -0.133     -0.15    -0.124    -0.158     0.114    -0.165    -0.104    -0.171   -0.0937     0.177   -0.0828     0.182    0.0715    -0.187      0.06     -0.19   -0.0483     0.193   -0.0364    -0.196    0.0243     0.197   -0.0122     0.198 
    0.198    0.0122    -0.197    0.0243     0.196   -0.0364     0.193   -0.0483      0.19     -0.06     0.187    0.0715    -0.182    0.0828     0.177   -0.0937    -0.171     0.104     0.165     0.114     0.158     0.124     -0.15    -0.133     0.142     0.142    -0.133      0.15    -0.124     0.158     0.114     0.165    -0.104     0.171   -0.0937    -0.177   -0.0828    -0.182    0.0715     0.187      0.06      0.19   -0.0483    -0.193   -0.0364     0.196    0.0243    -0.197   -0.0122    -0.198 
    0.197    0.0364     -0.19    0.0715     0.177    -0.104     0.158    -0.133     0.133    -0.158     0.104     0.177   -0.0715      0.19    0.0364    -0.197   1.2e-09     0.197   -0.0364      0.19   -0.0715     0.177     0.104    -0.158    -0.133     0.133     0.158     0.104     0.177    0.0715     -0.19    0.0364     0.197 -1.18e-09     0.197    0.0364      0.19    0.0715    -0.177    -0.104    -0.158    -0.133     0.133     0.158     0.104    -0.177   -0.0715      0.19    0.0364     0.197 
    0.196      0.06    -0.177     0.114     0.142    -0.158    0.0937    -0.187    0.0364    -0.198   -0.0243      0.19    0.0828     0.165    -0.133    -0.124     0.171    0.0715    -0.193    0.0122    -0.197   -0.0483     0.182     0.104     -0.15     -0.15     0.104    -0.182    0.0483    -0.197    0.0122    -0.193   -0.0715    -0.171    -0.124     0.133    -0.165    0.0828      0.19   -0.0243     0.198    0.0364    -0.187   -0.0937    -0.158     0.142     0.114    -0.177     -0.06    -0.196 
    0.193    0.0828    -0.158      0.15    0.0937     -0.19    0.0122    -0.196   -0.0715    -0.165    -0.142     0.104     0.187    0.0243    -0.197      0.06     0.171    -0.133    -0.114    -0.182   -0.0364    -0.198   -0.0483     0.177     0.124    -0.124    -0.177   -0.0483    -0.198    0.0364     0.182     0.114    -0.133     0.171     -0.06    -0.197    0.0243    -0.187    -0.104     0.142    -0.165    0.0715     0.196    0.0122      0.19   -0.0937     -0.15     0.158    0.0828     0.193 
     0.19     0.104    -0.133     0.177    0.0364    -0.197   -0.0715    -0.158    -0.158   -0.0715    -0.197   -0.0364     0.177    -0.133    -0.104      0.19 -2.39e-09     -0.19     0.104    -0.133     0.177   -0.0364    -0.197   -0.0715     0.158     0.158   -0.0715     0.197    0.0364     0.177    -0.133     0.104      0.19  2.05e-09      0.19     0.104     0.133     0.177   -0.0364    -0.197    0.0715    -0.158    -0.158    0.0715    -0.197    0.0364     0.177    -0.133    -0.104     -0.19 
    0.187     0.124    -0.104     0.193   -0.0243    -0.177    -0.142   -0.0828    -0.197    0.0483    -0.165    -0.158      0.06    -0.198    0.0715      0.15    -0.171   -0.0364     0.196    0.0937     0.133     0.182   -0.0122     -0.19    -0.114     0.114      0.19   -0.0122     0.182    -0.133   -0.0937    -0.196   -0.0364    -0.171     -0.15    0.0715    -0.198     -0.06     0.158     0.165    0.0483     0.197    0.0828    -0.142     0.177    0.0243    -0.193     0.104     0.124     0.187 
    0.182     0.142   -0.0715     0.198   -0.0828    -0.133    -0.187    0.0122    -0.177      0.15     -0.06    -0.197   -0.0937    -0.124      0.19   -0.0243    -0.171     0.158    0.0483     0.196    -0.104     0.114     0.193    0.0364    -0.165    -0.165    0.0364    -0.193    -0.114    -0.104     0.196    0.0483    -0.158     0.171   -0.0243     -0.19     0.124   -0.0937    -0.197     -0.06     -0.15    -0.177    0.0122     0.187    -0.133   -0.0828     0.198   -0.0715    -0.142    -0.182 
    0.177     0.158   -0.0364      0.19    -0.133   -0.0715    -0.197     0.104    -0.104     0.197    0.0715    -0.133     -0.19    0.0364     0.158    -0.177  6.96e-09     0.177    -0.158    0.0364     -0.19    -0.133    0.0715     0.197     0.104    -0.104    -0.197    0.0715    -0.133      0.19   -0.0364     0.158     0.177 -3.05e-10     0.177     0.158    0.0364      0.19     0.133   -0.0715     0.197     0.104    -0.104    -0.197    0.0715     0.133     -0.19    0.0364     0.158     0.177 
    0.171     0.171  3.16e-10     0.171    -0.171  3.07e-10    -0.171     0.171   1.8e-09     0.171     0.171  8.46e-10    -0.171     0.171  2.78e-10    -0.171     0.171  9.07e-10    -0.171    -0.171 -2.44e-10    -0.171    -0.171 -2.57e-09     0.171     0.171 -8.89e-11     0.171     0.171 -3.42e-09    -0.171    -0.171 -6.76e-10    -0.171    -0.171 -3.59e-09    -0.171    -0.171  2.92e-09     0.171    -0.171  3.11e-10     0.171     0.171  8.92e-12    -0.171     0.171 -1.08e-09    -0.171    -0.171 
    0.165     0.182    0.0364     0.142    -0.193    0.0715    -0.114     0.198     0.104    0.0828     0.196     0.133   -0.0483     0.187    -0.158   -0.0122     0.171    -0.177    0.0243     -0.15      0.19      0.06    -0.124    -0.197   -0.0937    0.0937     0.197    -0.124      0.06     -0.19      0.15   -0.0243    -0.177     0.171    0.0122    -0.158     0.187    0.0483    -0.133    -0.196    0.0828    -0.104    -0.198    -0.114   -0.0715     0.193    -0.142   -0.0364     0.182     0.165 
    0.158      0.19    0.0715     0.104    -0.197     0.133   -0.0364     0.177     0.177   -0.0364     0.133     0.197     0.104    0.0715     -0.19     0.158 -2.91e-10    -0.158      0.19    0.0715     0.104     0.197     0.133   -0.0364    -0.177    -0.177   -0.0364    -0.133    -0.197     0.104    0.0715      0.19     0.158  1.56e-09     0.158      0.19   -0.0715     0.104     0.197     0.133    0.0364     0.177     0.177    0.0364     0.133    -0.197     0.104    0.0715     -0.19    -0.158 
     0.15     0.196     0.104      0.06    -0.182     0.177    0.0483     0.114     0.197    -0.142    0.0122     0.158     0.193   -0.0937   -0.0715     0.187    -0.171    0.0364     0.124     0.198    -0.133    0.0243     0.165      0.19    0.0828   -0.0828     -0.19     0.165    0.0243     0.133    -0.198    -0.124    0.0364    -0.171    -0.187   -0.0715   -0.0937    -0.193    -0.158   -0.0122    -0.142    -0.197    -0.114    0.0483    -0.177     0.182     -0.06    -0.104     0.196      0.15 
    0.142     0.198     0.133    0.0122     -0.15     0.197     0.124    0.0243     0.158    -0.196    -0.114    0.0364     0.165    -0.193     0.104    0.0483    -0.171      0.19   -0.0937      0.06    -0.177    -0.187   -0.0828    0.0715     0.182     0.182    0.0715    0.0828     0.187    -0.177      0.06   -0.0937     -0.19     0.171    0.0483    -0.104     0.193     0.165    0.0364    -0.114     0.196     0.158    0.0243    -0.124     0.197     -0.15    0.0122     0.133    -0.198    -0.142 
    0.133     0.197     0.158   -0.0364    -0.104      0.19     0.177   -0.0715    0.0715    -0.177     -0.19    -0.104    0.0364    -0.158     0.197    -0.133  4.65e-10     0.133    -0.197    -0.158    0.0364    -0.104     -0.19    -0.177   -0.0715    0.0715     0.177     -0.19    -0.104   -0.0364     0.158     0.197     0.133 -3.32e-09     0.133     0.197    -0.158   -0.0364     0.104      0.19    -0.177   -0.0715    0.0715     0.177     -0.19     0.104    0.0364    -0.158     0.197     0.133 
    0.124     0.193     0.177   -0.0828   -0.0483     0.158     0.198     -0.15   -0.0364   -0.0937    -0.182     -0.19    -0.114   -0.0122     0.133    -0.196     0.171   -0.0715     -0.06    -0.165     0.197     0.142    0.0243    -0.104    -0.187    -0.187    -0.104   -0.0243    -0.142     0.197    -0.165     -0.06    0.0715    -0.171    -0.196    -0.133    0.0122    -0.114     -0.19    -0.182    0.0937   -0.0364     -0.15    -0.198     0.158   -0.0483   -0.0828     0.177    -0.193    -0.124 
    0.114     0.187      0.19    -0.124    0.0122     0.104     0.182    -0.193    -0.133    0.0243   -0.0937    -0.177    -0.196     0.142   -0.0364   -0.0828     0.171    -0.197      0.15    0.0483    0.0715     0.165     0.198     0.158      0.06     -0.06    -0.158     0.198     0.165   -0.0715   -0.0483     -0.15    -0.197     0.171    0.0828   -0.0364     0.142     0.196     0.177    0.0937    0.0243     0.133     0.193     0.182    -0.104   -0.0122     0.124     -0.19     0.187     0.114 
    0.104     0.177     0.197    -0.158    0.0715    0.0364     0.133     -0.19     -0.19     0.133    0.0364   -0.0715    -0.158     0.197    -0.177     0.104 -5.55e-09    -0.104     0.177     0.197    -0.158   -0.0715    0.0364     0.133      0.19      0.19     0.133   -0.0364    0.0715    -0.158     0.197     0.177     0.104  1.33e-09     0.104     0.177    -0.197    -0.158   -0.0715    0.0364    -0.133     -0.19     -0.19    -0.133    0.0364    0.0715    -0.158     0.197    -0.177    -0.104 
   0.0937     0.165     0.197    -0.182     0.124   -0.0364      0.06    -0.142     -0.19     0.193      0.15    0.0715   -0.0243     0.114    -0.177     0.198    -0.171     0.104   -0.0122    0.0828    -0.158    -0.196    -0.187    -0.133   -0.0483    0.0483     0.133    -0.187    -0.196     0.158   -0.0828    0.0122     0.104    -0.171    -0.198    -0.177     0.114    0.0243   -0.0715     -0.15     0.193      0.19     0.142      0.06    0.0364    -0.124     0.182    -0.197     0.165    0.0937 
   0.0828      0.15      0.19    -0.196     0.165    -0.104   -0.0243     -0.06    -0.133     0.182     0.198     0.177     0.124   -0.0483   -0.0364     0.114    -0.171     0.197    -0.187    -0.142    0.0715   -0.0122   -0.0937    -0.158    -0.193    -0.193    -0.158    0.0937    0.0122    0.0715    -0.142    -0.187    -0.197     0.171     0.114    0.0364    0.0483     0.124     0.177     0.198    -0.182    -0.133     -0.06    0.0243    -0.104     0.165    -0.196      0.19     -0.15   -0.0828 
   0.0715     0.133     0.177    -0.197      0.19    -0.158    -0.104    0.0364   -0.0364     0.104     0.158      0.19     0.197    -0.177     0.133   -0.0715  8.73e-10    0.0715    -0.133    -0.177     0.197      0.19     0.158     0.104    0.0364   -0.0364    -0.104     0.158      0.19    -0.197     0.177     0.133    0.0715  7.24e-10    0.0715     0.133    -0.177    -0.197     -0.19    -0.158     0.104    0.0364   -0.0364    -0.104     0.158     -0.19     0.197    -0.177     0.133    0.0715 
     0.06     0.114     0.158    -0.187     0.198     -0.19    -0.165     0.124    0.0715   -0.0122    0.0483     0.104      0.15    -0.182     0.197    -0.193     0.171    -0.133    0.0828    0.0243    0.0364    0.0937     0.142     0.177     0.196     0.196     0.177    -0.142   -0.0937    0.0364    0.0243    0.0828     0.133    -0.171    -0.193    -0.197     0.182      0.15     0.104    0.0483    0.0122    0.0715     0.124     0.165     -0.19     0.198    -0.187     0.158    -0.114     -0.06 
   0.0483    0.0937     0.133    -0.165     0.187    -0.197    -0.196     0.182     0.158    -0.124   -0.0828   -0.0364    0.0122     -0.06     0.104    -0.142     0.171     -0.19     0.198     0.193    -0.177     -0.15    -0.114   -0.0715   -0.0243    0.0243    0.0715    -0.114     -0.15     0.177    -0.193    -0.198     -0.19     0.171     0.142     0.104     -0.06   -0.0122    0.0364    0.0828    -0.124    -0.158    -0.182    -0.196     0.197    -0.187     0.165    -0.133    0.0937    0.0483 
   0.0364    0.0715     0.104    -0.133     0.158    -0.177     -0.19     0.197     0.197     -0.19    -0.177    -0.158    -0.133     0.104   -0.0715    0.0364 -3.49e-09   -0.0364    0.0715     0.104    -0.133    -0.158    -0.177     -0.19    -0.197    -0.197     -0.19     0.177     0.158    -0.133     0.104    0.0715    0.0364 -3.51e-10    0.0364    0.0715    -0.104    -0.133    -0.158    -0.177      0.19     0.197     0.197      0.19    -0.177     0.158    -0.133     0.104   -0.0715   -0.0364 
   0.0243    0.0483    0.0715   -0.0937     0.114    -0.133     -0.15     0.165     0.177    -0.187    -0.193    -0.197    -0.198     0.196     -0.19     0.182    -0.171     0.158    -0.142    -0.124     0.104    0.0828      0.06    0.0364    0.0122   -0.0122   -0.0364      0.06    0.0828    -0.104     0.124     0.142     0.158    -0.171    -0.182     -0.19     0.196     0.198     0.197     0.193    -0.187    -0.177    -0.165     -0.15     0.133    -0.114    0.0937   -0.0715    0.0483    0.0243 
   0.0122    0.0243    0.0364   -0.0483      0.06   -0.0715   -0.0828    0.0937     0.104    -0.114    -0.124    -0.133    -0.142      0.15    -0.158     0.165    -0.171     0.177    -0.182    -0.187      0.19     0.193     0.196     0.197     0.198     0.198     0.197    -0.196    -0.193      0.19    -0.187    -0.182    -0.177     0.171     0.165     0.158     -0.15    -0.142    -0.133    -0.124     0.114     0.104    0.0937    0.0828   -0.0715      0.06   -0.0483    0.0364   -0.0243   -0.0122 


Diagonalized H

     9.87         0  8.14e-09 -3.99e-11 -1.36e-13 -3.97e-13  1.47e-13  1.25e-15  9.66e-07  -1.8e-08  6.65e-07 -1.51e-07  2.88e-09  3.56e-09  3.08e-09  8.88e-10  2.67e-10  9.64e-11  5.08e-11  4.31e-10  4.09e-13  -3.6e-10  1.42e-12 -6.42e-10   9.4e-10 -6.71e-10  6.14e-07  7.57e-07  -9.1e-08 -4.87e-08 -2.32e-07 -3.76e-07  8.47e-08  1.96e-07 -5.14e-07  4.24e-07  2.68e-07 -2.42e-07  1.48e-07 -1.25e-07  1.09e-07  4.54e-08 -2.41e-08  1.78e-07  1.63e-08  1.05e-08 -3.76e-08 -9.08e-09 -3.22e-06  2.96e-09 
 1.55e-14      39.4  8.87e-09   1.6e-11 -6.75e-13 -5.64e-13  6.21e-14  2.88e-17  9.46e-07  -1.4e-07  1.25e-06 -9.74e-08  2.22e-10  1.11e-10  7.98e-10  2.41e-10  8.69e-11  2.64e-11  1.68e-11   2.3e-06 -1.24e-11 -1.71e-06 -8.66e-08 -2.79e-06  4.24e-06 -3.07e-06  1.35e-06  5.87e-07 -8.85e-08  6.65e-08   2.7e-07 -4.12e-07  2.49e-07  2.14e-07 -3.04e-07  2.44e-07  1.76e-07 -1.54e-07   9.9e-08 -8.35e-08  1.85e-06  4.46e-08 -3.13e-08   1.6e-06  2.04e-08  1.54e-08  4.21e-09 -1.55e-09  3.54e-07   4.2e-09 
 8.14e-09  8.87e-09      88.6  2.84e-10    -3e-12 -7.15e-13  -4.7e-14 -6.98e-16  3.27e-14 -2.42e-07  1.88e-06  1.72e-08  1.62e-09  1.21e-09  2.62e-10  4.34e-11  9.78e-12 -1.15e-11 -5.19e-12 -3.95e-07  4.37e-11  -8.8e-07  6.33e-07 -1.94e-06  2.27e-06 -1.46e-06   5.9e-07  3.21e-07 -9.56e-08  1.73e-08  6.82e-08    -2e-07  8.24e-08   8.5e-08 -1.43e-07  1.17e-07  8.33e-08 -7.29e-08  4.65e-08 -3.93e-08  -2.9e-08   1.9e-08 -1.42e-08  1.09e-08  1.03e-08  1.44e-08  1.94e-06  2.09e-08    -2e-08 -3.13e-08 
-3.95e-11  1.62e-11  2.84e-10       157  1.29e-11 -6.34e-13  4.91e-13  3.35e-19 -8.66e-07  2.31e-07 -1.86e-06  1.49e-08  4.68e-10  2.01e-10  4.83e-11  8.84e-12 -2.59e-11  8.89e-12  4.14e-12  1.47e-11  2.49e-06 -2.25e-06   1.6e-06  6.03e-07 -4.91e-07  1.38e-07  2.22e-07 -4.69e-08  -8.8e-09 -1.07e-07  1.21e-07  9.92e-08 -3.39e-08 -3.77e-08  8.92e-08  -6.9e-08 -4.03e-08  3.56e-08 -2.12e-08   1.7e-08 -9.09e-09 -9.76e-09  1.81e-09 -2.21e-08 -7.75e-09 -4.01e-08   4.3e-08  7.21e-08  7.95e-08 -1.26e-07 
 5.21e-13 -4.35e-13 -3.25e-12  1.28e-11       245  3.75e-13 -2.86e-13         0  1.44e-06 -2.69e-07  2.05e-06 -3.64e-09  -5.8e-11 -4.59e-12 -8.71e-13   1.6e-13  3.78e-06 -7.34e-07 -1.38e-06  1.39e-06 -1.03e-07  3.02e-07 -6.07e-08 -9.73e-09 -7.56e-08  1.28e-07 -7.69e-08  1.05e-08 -2.55e-08   1.5e-08 -3.69e-08 -6.41e-09 -1.66e-08 -9.56e-09  5.47e-09 -4.26e-09 -3.62e-09  3.26e-09 -2.04e-09  1.74e-09 -1.51e-09  4.82e-10  6.09e-10 -8.71e-10  2.86e-09  2.81e-08  -6.5e-06 -8.44e-06 -7.94e-06   1.4e-05 
-5.25e-13 -7.01e-13 -4.97e-13 -6.78e-13  2.55e-13       351 -8.33e-14         0  5.74e-07 -9.01e-08  6.56e-07 -2.68e-09 -6.73e-11  -5.8e-12 -1.05e-12 -3.33e-13  7.92e-06 -4.21e-06   6.9e-07  2.81e-06 -3.01e-08  7.81e-07 -2.13e-07  -1.5e-07 -1.95e-08  1.31e-07 -1.34e-07 -5.03e-09 -5.61e-09  -3.3e-09 -5.26e-08 -4.21e-09  -2.4e-08 -1.36e-08  2.33e-09 -9.53e-10 -2.07e-09   2.4e-09 -1.99e-09  1.81e-09   1.7e-09 -2.21e-09   1.6e-09 -1.37e-09 -3.46e-10  1.86e-05  6.71e-06  6.86e-06  9.62e-06 -1.05e-05 
 4.93e-13  2.09e-13 -3.88e-13  6.63e-13 -2.49e-13  4.93e-14       476         0  2.46e-06 -4.11e-07  3.04e-06 -4.06e-09 -8.29e-11 -9.52e-12 -1.46e-12  9.48e-13 -2.73e-13  1.73e-06 -3.66e-07  1.44e-06 -3.25e-07  4.63e-07  -3.8e-08 -1.27e-08  1.29e-08 -1.85e-08  -3.5e-08 -4.54e-08   5.3e-08 -2.49e-08  1.46e-08  1.66e-08  2.06e-09  2.05e-09 -5.16e-09   3.5e-09  8.87e-10 -1.96e-09  1.48e-09 -1.22e-09 -2.15e-09 -1.61e-08  -1.1e-09 -1.36e-08  1.35e-09 -5.46e-08  -9.4e-09  9.34e-06  8.32e-06 -7.18e-06 
 4.13e-13  4.52e-13  7.35e-14  5.22e-14  1.42e-13  9.98e-14 -1.47e-13       619  2.72e-07  5.43e-08 -6.18e-07  5.74e-10  2.41e-11  9.28e-13  5.89e-13 -1.14e-05 -2.36e-06 -1.74e-07  2.54e-07 -5.76e-07  2.27e-07 -9.99e-08 -1.83e-09 -1.17e-06  3.06e-08 -3.58e-08  2.15e-08 -2.21e-09  5.69e-09 -4.59e-09  8.81e-09 -7.45e-10   3.8e-09  2.32e-09 -1.76e-09  1.56e-09  1.24e-09 -1.24e-09  6.13e-10 -6.05e-10 -1.76e-10  1.29e-05  4.27e-07   1.1e-05  2.55e-06   2.7e-06 -6.32e-06 -2.45e-06   1.8e-06 -5.53e-06 
 9.66e-07  9.46e-07  2.78e-13 -8.66e-07  1.44e-06  5.74e-07  2.46e-06  2.72e-07       779  8.92e-07  1.67e-14  7.17e-09  1.21e-10  1.35e-11  1.61e-12  2.16e-13 -5.61e-06 -1.55e-08 -1.24e-06 -2.23e-06 -2.73e-07  -1.4e-07 -3.62e-08  3.83e-08  5.43e-09 -1.12e-08  1.32e-08  1.61e-09 -8.65e-09   4.3e-09  5.22e-09 -5.68e-09  2.38e-09  1.49e-09  1.76e-09 -2.63e-10  7.95e-10  8.48e-10 -1.04e-09  1.09e-09  3.66e-09 -8.23e-09  1.38e-09 -8.16e-09 -2.21e-05  -3.1e-09 -6.42e-06 -4.74e-06 -6.29e-06  7.93e-06 
 -1.8e-08  -1.4e-07 -2.42e-07  2.31e-07 -2.69e-07 -9.01e-08 -4.11e-07  5.43e-08  8.92e-07       956         0 -2.77e-09 -4.79e-11 -7.23e-12  -1.1e-12  5.85e-06  1.47e-06  2.12e-06  2.42e-07  5.76e-07  5.31e-09  4.57e-08  1.01e-08 -9.73e-09  2.35e-09  1.79e-09  1.57e-07  6.53e-10  -4.2e-10  2.22e-10 -2.25e-09  9.62e-10 -5.43e-10    -1e-05 -8.93e-10 -1.43e-05 -7.61e-06  8.73e-06 -6.18e-06  5.01e-06  1.89e-06 -8.86e-07  1.53e-07    -1e-06  -9.2e-08 -8.89e-08  6.72e-07  3.06e-07 -1.88e-07  5.69e-07 
 6.65e-07  1.25e-06  1.88e-06 -1.86e-06  2.05e-06  6.56e-07  3.04e-06 -6.18e-07 -6.75e-14  3.59e-13  1.15e+03  2.11e-08  3.24e-10  6.29e-13  5.73e-13  -6.7e-13 -1.23e-05 -1.29e-05  1.87e-06 -7.97e-07  5.19e-08 -3.86e-07 -8.45e-08  7.84e-08 -2.26e-08 -5.13e-09  2.06e-08  6.27e-09 -1.36e-08   8.4e-09  1.04e-08 -9.06e-09  4.16e-09  1.74e-09   1.5e-08 -4.94e-06  6.43e-10  1.36e-05  -2.1e-06  5.68e-06   2.1e-05 -1.69e-08   1.6e-08 -1.52e-05  -1.8e-05 -1.31e-05 -9.24e-06 -5.75e-06 -4.02e-06  2.49e-06 
-1.51e-07 -9.74e-08  1.72e-08  1.49e-08 -3.64e-09 -2.68e-09 -4.06e-09  5.74e-10  7.17e-09 -2.77e-09  2.11e-08  1.36e+03  1.06e-10 -1.82e-13 -4.63e-06 -9.13e-06  4.63e-07 -7.24e-07  1.49e-06 -2.24e-07  -7.4e-08 -1.12e-09   1.4e-09 -6.11e-10  1.25e-10 -1.22e-09  2.77e-10 -2.41e-09  2.22e-09  1.02e-09  3.81e-09 -7.33e-10  3.73e-10 -4.72e-10  2.78e-05 -8.05e-06 -2.52e-10    -7e-09 -1.97e-05  1.32e-05  2.93e-05 -3.17e-05  2.97e-05 -1.73e-05 -2.06e-05 -1.44e-05 -1.25e-05 -6.63e-06  -4.5e-06   3.1e-06 
 2.88e-09  2.22e-10  1.62e-09  4.68e-10  -5.8e-11 -6.67e-11 -8.26e-11   2.4e-11  1.21e-10 -4.79e-11  3.24e-10  1.06e-10  1.58e+03 -7.88e-14  2.06e-06  1.59e-06  4.58e-07 -4.17e-06   4.1e-07  1.35e-07  5.62e-09 -1.55e-10 -3.38e-11  -2.5e-11 -1.29e-10  2.37e-11 -1.37e-11  1.53e-09 -2.55e-05 -3.43e-09 -1.08e-10 -6.33e-10 -1.64e-05  6.19e-06 -3.25e-06  3.56e-06  4.48e-07 -1.76e-06  4.21e-07 -1.15e-06 -1.17e-07  3.01e-07  2.33e-07  3.15e-07 -1.03e-07  1.07e-07 -2.87e-07 -2.94e-08  7.03e-09 -1.92e-05 
 3.56e-09  1.11e-10  1.21e-09  2.01e-10 -4.52e-12 -5.84e-12 -9.45e-12  9.55e-13  1.39e-11  -7.4e-12  4.72e-13 -1.85e-13  3.55e-14  1.82e+03  5.82e-13 -6.22e-13  1.99e-06  8.67e-14   2.8e-07  2.51e-06  1.45e-08  1.37e-10 -1.89e-10  2.72e-10 -2.61e-10 -2.69e-10 -1.84e-05 -4.41e-10  5.55e-10 -1.18e-10 -2.87e-09 -1.59e-05   9.1e-10  -7.4e-06  2.55e-06 -3.51e-06 -3.39e-06  2.75e-06 -2.11e-06  1.59e-06  1.67e-06 -1.59e-06  1.39e-06 -1.01e-06 -9.26e-07  -6.8e-07 -4.24e-07 -2.73e-07  -2.4e-07   2.4e-07 
 3.08e-09  7.98e-10  2.63e-10  4.79e-11 -1.02e-12 -8.61e-13 -1.55e-12  7.47e-13   1.8e-12 -9.09e-13  4.23e-13 -4.63e-06  2.06e-06  4.03e-13  2.07e+03  5.63e-13 -1.44e-06 -1.01e-13  2.49e-07 -8.58e-07 -5.91e-09  -2.6e-10  3.52e-10 -1.57e-09  1.06e-09  2.07e-09 -4.54e-10  4.09e-09 -5.72e-09   2.9e-09 -2.88e-09 -2.46e-10 -7.32e-14  3.42e-07  1.88e-06 -1.72e-06 -1.26e-06  1.06e-06 -6.02e-07  6.29e-07  4.72e-07 -4.68e-07  3.24e-07 -3.29e-07 -2.33e-07 -1.92e-07 -6.04e-08 -5.77e-08 -6.73e-08  1.06e-07 
 8.88e-10  2.41e-10  4.38e-11  8.64e-12  2.16e-13 -3.73e-13  9.13e-13 -1.14e-05  3.02e-13  5.85e-06  -9.6e-13 -9.13e-06  1.59e-06 -5.84e-13   3.5e-13  2.33e+03   3.6e-06  1.51e-13  1.37e-06   3.8e-06  1.96e-08  3.08e-10 -1.15e-10  -9.2e-06 -3.11e-10 -5.65e-10  1.74e-05 -1.92e-09  2.77e-05  1.74e-09  1.82e-05 -3.23e-09  6.96e-06 -7.98e-07   1.7e-06 -1.15e-06 -1.34e-06  8.77e-07 -7.04e-07  4.06e-07  3.83e-07 -2.92e-07  2.79e-07  -1.8e-07 -1.69e-07 -1.13e-07 -8.24e-08 -4.65e-08 -4.21e-08  3.99e-08 
 2.67e-10  8.68e-11  9.93e-12 -2.61e-11  3.78e-06  7.92e-06 -1.06e-13 -2.36e-06 -5.61e-06  1.47e-06 -1.23e-05  4.63e-07  4.58e-07  1.99e-06 -1.44e-06   3.6e-06   2.6e+03  7.04e-14  -1.4e-06 -1.16e-06 -1.59e-09 -2.29e-10  3.53e-11 -3.21e-10  8.98e-06  1.12e-06  -1.3e-05   2.1e-09 -2.46e-05  3.48e-05  3.53e-09  3.75e-10 -1.21e-05 -2.72e-07  -2.1e-07 -1.34e-07  8.12e-08  2.29e-08  8.03e-09  3.15e-08  3.48e-09  -1.3e-08  -5.3e-09 -1.47e-08 -1.01e-10 -4.44e-09  8.37e-09  1.28e-09    -7e-06  5.13e-09 
 9.68e-11  2.64e-11 -1.17e-11  8.98e-12 -7.34e-07 -4.21e-06  1.73e-06 -1.74e-07 -1.55e-08  2.12e-06 -1.29e-05 -7.24e-07 -4.17e-06  5.64e-13 -2.15e-13  9.83e-15 -2.92e-13  2.88e+03  8.69e-13         0  1.05e-07  1.87e-10   1.9e-10 -1.93e-09  9.95e-10  1.89e-09 -4.16e-10     4e-09 -4.56e-09  2.62e-09 -2.56e-09  -1.3e-05 -1.37e-05  4.01e-06   3.7e-06 -1.18e-06 -2.02e-06  1.01e-06 -8.54e-07  3.82e-07  4.39e-07 -2.94e-07  3.38e-07 -1.65e-07 -1.98e-07 -1.18e-07 -1.23e-07 -5.96e-08 -4.65e-08  5.69e-08 
 5.09e-11  1.68e-11 -5.31e-12  4.36e-12 -1.38e-06   6.9e-07 -3.66e-07  2.54e-07 -1.24e-06  2.42e-07  1.87e-06  1.49e-06   4.1e-07   2.8e-07  2.49e-07  1.37e-06  -1.4e-06  1.13e-12  3.17e+03         0 -1.66e-07 -9.08e-10   2.3e-10  3.49e-10  7.85e-11  1.93e-05  1.86e-10 -1.03e-09  1.05e-09 -1.73e-06 -1.78e-09 -1.52e-09 -2.57e-05  -5.3e-06 -1.39e-06  7.66e-07   1.1e-06    -3e-07  4.22e-08  -8.1e-08 -5.99e-08  5.53e-08 -2.12e-08  2.68e-08  2.36e-08  2.15e-08  1.04e-08  6.28e-09 -9.49e-09 -4.63e-05 
 4.31e-10   2.3e-06 -3.95e-07  1.47e-11  1.39e-06  2.81e-06  1.44e-06 -5.76e-07 -2.23e-06  5.76e-07 -7.97e-07 -2.24e-07  1.35e-07  2.51e-06 -8.58e-07   3.8e-06 -1.16e-06   7.6e-14  1.33e-13  3.47e+03 -8.25e-07  1.42e-09 -6.61e-10  5.58e-09 -3.06e-09  -5.1e-09  1.08e-09 -9.68e-09  1.28e-08 -6.48e-09  2.17e-09   2.5e-10  -3.7e-12 -1.14e-05 -3.45e-06  2.52e-06  2.39e-06 -8.86e-07  2.42e-07 -2.97e-07 -1.98e-07  1.66e-07 -6.65e-08  9.84e-08  6.62e-08  5.88e-08  2.33e-08  1.89e-08 -6.19e-05 -6.06e-06 
 4.85e-13 -1.24e-11  4.36e-11  2.49e-06 -1.03e-07 -3.01e-08 -3.25e-07  2.27e-07 -2.73e-07  5.31e-09  5.19e-08  -7.4e-08  5.62e-09  1.45e-08 -5.91e-09  1.96e-08 -1.59e-09  1.05e-07 -1.66e-07 -8.25e-07  3.78e+03   1.8e-09  -7.5e-10  7.78e-09 -4.68e-09 -8.43e-09  1.76e-09 -1.45e-08  1.88e-08 -9.62e-09  6.32e-09  4.65e-10 -3.95e-12 -7.22e-06  -3.3e-06  3.28e-07  6.35e-07 -2.42e-07  8.19e-08 -5.82e-08 -3.14e-08  1.65e-08 -5.98e-09  1.32e-08  4.29e-09  3.64e-09  3.24e-11  1.94e-09  5.14e-08  9.52e-09 
 -3.6e-10 -1.71e-06  -8.8e-07 -2.25e-06  3.02e-07  7.81e-07  4.63e-07 -9.99e-08  -1.4e-07  4.57e-08 -3.86e-07 -1.12e-09 -1.56e-10  1.37e-10  -2.6e-10  3.08e-10 -2.29e-10  1.87e-10 -9.07e-10  1.42e-09   1.8e-09  4.09e+03  1.95e-11 -1.77e-09  8.94e-10  1.31e-09 -2.28e-10   2.7e-09  -2.2e-09  4.69e-10  8.17e-10  1.59e-10  2.75e-06  2.53e-06  6.24e-07  3.64e-08 -7.64e-08     3e-08 -1.17e-08  9.75e-09  5.32e-09 -3.52e-09  1.66e-09  -2.7e-09 -1.16e-09 -9.57e-10  1.18e-11 -3.01e-10  -2.8e-09 -5.16e-11 
 1.07e-12 -8.66e-08  6.33e-07   1.6e-06 -6.07e-08 -2.13e-07  -3.8e-08 -1.83e-09 -3.62e-08  1.01e-08 -8.45e-08   1.4e-09 -3.37e-11  -1.9e-10  3.53e-10 -1.14e-10  3.57e-11  1.91e-10   2.3e-10 -6.61e-10  -7.5e-10  1.96e-11   4.4e+03  8.79e-09 -5.93e-09 -9.79e-09  1.94e-09 -1.58e-08  1.72e-08 -6.34e-09  7.19e-09  3.62e-10 -4.76e-12 -8.53e-06 -2.16e-06  2.31e-07  4.14e-07 -1.55e-07  4.77e-08 -3.76e-08 -1.93e-08  1.07e-08 -2.89e-09  8.43e-09  2.36e-09  2.22e-09 -8.07e-10  7.69e-10  1.35e-09 -1.48e-09 
-6.42e-10 -2.79e-06 -1.94e-06  6.03e-07 -9.73e-09  -1.5e-07 -1.27e-08 -1.17e-06  3.83e-08 -9.73e-09  7.84e-08 -6.11e-10 -2.51e-11  2.72e-10 -1.57e-09  -9.2e-06 -3.21e-10 -1.93e-09  3.48e-10  5.58e-09  7.78e-09 -1.77e-09  8.79e-09  4.72e+03   2.8e-08  4.76e-08 -9.32e-09  7.98e-08 -9.27e-08   4.3e-08 -2.43e-08 -1.89e-09   1.6e-11  2.88e-05  1.03e-05 -8.06e-07 -1.83e-06  6.83e-07 -2.11e-07  1.62e-07  8.49e-08 -4.72e-08  1.34e-08 -3.66e-08 -1.08e-08 -1.02e-08   2.5e-09 -3.85e-09 -5.19e-09  6.23e-09 
  9.4e-10  4.24e-06  2.27e-06 -4.91e-07 -7.56e-08 -1.95e-08  1.29e-08  3.06e-08  5.43e-09  2.35e-09 -2.26e-08  1.25e-10 -1.28e-10  -2.6e-10  1.06e-09 -3.11e-10  8.98e-06  9.95e-10  7.81e-11 -3.06e-09 -4.68e-09  8.94e-10 -5.93e-09   2.8e-08  5.04e+03 -4.28e-08  8.19e-09 -6.62e-08  7.33e-08 -3.18e-08   1.9e-08  1.38e-09    -1e-11 -1.78e-05 -6.61e-06  6.25e-07  1.22e-06 -4.65e-07  1.46e-07 -1.12e-07 -5.87e-08  3.31e-08 -9.83e-09  2.56e-08  7.79e-09   7.3e-09 -1.61e-09   2.7e-09  3.63e-09 -4.45e-09 
-6.71e-10 -3.07e-06 -1.46e-06  1.38e-07  1.28e-07  1.31e-07 -1.85e-08 -3.58e-08 -1.12e-08  1.79e-09 -5.13e-09 -1.22e-09  2.33e-11 -2.69e-10  2.07e-09 -5.64e-10  1.12e-06  1.89e-09  1.93e-05  -5.1e-09 -8.43e-09  1.31e-09 -9.79e-09  4.76e-08 -4.28e-08  5.36e+03  2.58e-08 -1.92e-07  1.94e-07 -7.45e-08  5.02e-08  3.06e-09 -3.44e-12  3.39e-12 -1.27e-05  1.55e-06   2.5e-06 -9.41e-07  2.88e-07 -2.19e-07 -1.14e-07  6.23e-08 -1.66e-08  4.83e-08  1.36e-08   1.3e-08  -3.2e-09   5.2e-09  6.58e-09 -7.78e-09 
 6.14e-07  1.35e-06   5.9e-07  2.22e-07 -7.69e-08 -1.34e-07  -3.5e-08  2.15e-08  1.32e-08  1.57e-07  2.06e-08  2.77e-10 -1.39e-11 -1.84e-05 -4.54e-10  1.74e-05  -1.3e-05 -4.16e-10  1.87e-10  1.08e-09  1.76e-09 -2.28e-10  1.94e-09 -9.32e-09  8.19e-09  2.58e-08  5.68e+03  6.06e-08 -6.98e-08  3.81e-08 -1.52e-08    -1e-09     7e-12   1.2e-05  2.88e-06 -5.57e-07 -6.69e-07   2.4e-07 -6.94e-08  5.23e-08  2.76e-08 -1.47e-08  3.51e-09 -1.14e-08 -3.09e-09 -3.03e-09 -3.43e-05 -1.28e-09 -1.55e-09  1.74e-09 
 7.57e-07  5.87e-07  3.21e-07 -4.69e-08  1.05e-08 -5.03e-09 -4.54e-08 -2.21e-09  1.61e-09  6.53e-10  6.27e-09 -2.41e-09  1.53e-09 -4.41e-10  4.09e-09 -1.92e-09   2.1e-09     4e-09 -1.03e-09 -9.68e-09 -1.45e-08  2.71e-09 -1.58e-08  7.98e-08 -6.62e-08 -1.92e-07  6.06e-08     6e+03     1e-06 -3.46e-07  1.77e-07  9.81e-09 -1.44e-11  1.06e-12  6.58e-13  4.82e-06   5.8e-06 -2.16e-06  6.47e-07 -4.85e-07 -2.56e-07  1.38e-07 -3.65e-08  1.07e-07  3.08e-08  2.94e-08 -7.08e-09  1.19e-08  1.48e-08  -1.7e-08 
 -9.1e-08 -8.85e-08 -9.56e-08  -8.8e-09 -2.55e-08 -5.61e-09   5.3e-08  5.69e-09 -8.65e-09 -4.19e-10 -1.36e-08  2.22e-09 -2.55e-05  5.55e-10 -5.72e-09  2.77e-05 -2.46e-05 -4.56e-09  1.05e-09  1.28e-08  1.88e-08  -2.2e-09  1.72e-08 -9.27e-08  7.33e-08  1.94e-07 -6.98e-08     1e-06  6.31e+03   1.3e-06 -6.87e-07  -3.3e-08     4e-11  -2.6e-12 -1.07e-12 -7.87e-06 -1.05e-05  3.75e-06 -1.03e-06  7.68e-07  4.15e-07 -2.16e-07  4.92e-08 -1.66e-07 -4.72e-08 -4.61e-08  1.05e-08 -1.98e-08 -2.32e-08  2.49e-08 
-4.87e-08  6.65e-08  1.73e-08 -1.07e-07   1.5e-08  -3.3e-09 -2.49e-08 -4.59e-09   4.3e-09  2.22e-10   8.4e-09  1.02e-09 -3.43e-09 -1.18e-10   2.9e-09  1.74e-09  3.48e-05  2.62e-09 -1.73e-06 -6.48e-09 -9.62e-09  4.69e-10 -6.34e-09   4.3e-08 -3.18e-08 -7.45e-08  3.81e-08 -3.46e-07   1.3e-06  6.63e+03  1.22e-06  4.21e-08  -5.3e-11   2.3e-12  9.39e-13  6.82e-06  8.58e-06 -2.68e-06  6.23e-07 -4.71e-07 -2.68e-07  1.33e-07 -2.29e-08  1.02e-07  2.82e-08  2.91e-08 -5.72e-09  1.36e-08  1.46e-08 -1.38e-08 
-2.32e-07   2.7e-07  6.82e-08  1.21e-07 -3.69e-08 -5.26e-08  1.46e-08  8.81e-09  5.22e-09 -2.25e-09  1.04e-08  3.81e-09 -1.08e-10 -2.87e-09 -2.88e-09  1.82e-05  3.53e-09 -2.56e-09 -1.78e-09  2.16e-09  6.32e-09  8.17e-10  7.19e-09 -2.43e-08   1.9e-08  5.02e-08 -1.52e-08  1.77e-07 -6.87e-07  1.22e-06  6.93e+03 -2.59e-07  1.01e-10 -4.67e-12 -2.94e-13 -2.22e-06 -1.16e-05  3.21e-06 -5.69e-07  4.68e-07  2.75e-07 -1.22e-07  1.42e-09 -9.74e-08 -2.17e-08 -2.48e-08   9.5e-09 -1.22e-08 -1.32e-08  1.22e-08 
-3.76e-07 -4.12e-07    -2e-07  9.92e-08 -6.41e-09 -4.21e-09  1.66e-08 -7.45e-10 -5.68e-09  9.62e-10 -9.06e-09 -7.32e-10 -6.33e-10 -1.59e-05 -2.46e-10 -3.23e-09  3.75e-10  -1.3e-05 -1.52e-09   2.5e-10  4.65e-10  1.59e-10  3.62e-10 -1.89e-09  1.38e-09  3.06e-09    -1e-09  9.81e-09  -3.3e-08  4.21e-08 -2.59e-07  7.23e+03  9.02e-11 -4.07e-12  2.92e-13 -1.86e-19 -2.66e-06  6.04e-07 -1.54e-07  7.22e-08  4.46e-08 -1.93e-08  7.39e-09 -1.06e-08 -4.61e-09  -2.5e-09  1.83e-10 -8.38e-10 -1.42e-09  1.93e-09 
 8.47e-08  2.49e-07  8.24e-08 -3.39e-08 -1.66e-08  -2.4e-08  2.06e-09   3.8e-09  2.38e-09 -5.43e-10  4.16e-09  3.72e-10 -1.64e-05   9.1e-10  3.25e-13  6.96e-06 -1.21e-05 -1.37e-05 -2.57e-05 -2.62e-12  -3.5e-12  2.75e-06 -5.05e-12  1.66e-11  -9.5e-12 -3.56e-12  6.15e-12 -1.48e-11  4.18e-11 -5.37e-11     1e-10  9.08e-11  7.52e+03 -5.63e-12  1.35e-12  1.07e-05 -1.65e-07 -1.97e-08  9.69e-09 -8.41e-10 -3.27e-10  9.55e-11 -6.26e-11  6.86e-11  4.87e-11  3.65e-11  1.39e-11   1.1e-11  1.37e-11 -2.52e-11 
 1.96e-07  2.14e-07   8.5e-08 -3.77e-08 -9.56e-09 -1.36e-08  2.05e-09  2.32e-09  1.49e-09    -1e-05  1.74e-09 -4.73e-10  6.19e-06  -7.4e-06  3.42e-07 -7.98e-07 -2.72e-07  4.01e-06  -5.3e-06 -1.14e-05 -7.22e-06  2.53e-06 -8.53e-06  2.88e-05 -1.78e-05  3.84e-12   1.2e-05  8.75e-13  -1.7e-12  3.11e-12 -5.35e-12 -4.47e-12 -5.82e-12   7.8e+03   1.2e-12 -1.52e-19 -4.29e-08  3.85e-09 -3.02e-13 -1.09e-10 -1.12e-10 -6.96e-07 -5.72e-11 -1.19e-05  4.07e-11  -9.7e-06  8.29e-12 -4.25e-06 -3.13e-06 -1.01e-05 
-5.14e-07 -3.04e-07 -1.43e-07  8.92e-08  5.47e-09  2.33e-09 -5.16e-09 -1.76e-09  1.76e-09 -8.93e-10   1.5e-08  2.78e-05 -3.25e-06  2.55e-06  1.88e-06   1.7e-06  -2.1e-07   3.7e-06 -1.39e-06 -3.45e-06  -3.3e-06  6.24e-07 -2.16e-06  1.03e-05 -6.61e-06 -1.27e-05  2.88e-06  7.07e-13 -1.04e-12 -2.01e-13  1.59e-13  1.13e-12  3.14e-13  2.56e-12  8.08e+03 -2.17e-19  2.58e-08  1.03e-09 -1.09e-09  2.71e-10   2.3e-05 -1.04e-10  7.68e-11 -9.85e-11 -5.72e-11 -4.86e-11 -4.47e-06  -1.2e-05 -1.02e-05  2.71e-11 
 4.24e-07  2.44e-07  1.17e-07  -6.9e-08 -4.26e-09 -9.53e-10   3.5e-09  1.56e-09 -2.63e-10 -1.43e-05 -4.94e-06 -8.05e-06  3.56e-06 -3.51e-06 -1.72e-06 -1.15e-06 -1.34e-07 -1.18e-06  7.66e-07  2.52e-06  3.28e-07  3.64e-08  2.31e-07 -8.06e-07  6.25e-07  1.55e-06 -5.57e-07  4.82e-06 -7.87e-06  6.82e-06 -2.22e-06 -2.84e-13  1.07e-05 -1.96e-13 -7.56e-13  8.34e+03  2.32e-08  4.08e-09  -1.4e-12 -2.05e-10  -1.2e-10  9.86e-11 -2.57e-05 -5.72e-06 -2.16e-06  2.15e-06 -4.66e-07 -4.44e-07  8.03e-07  2.81e-06 
 2.68e-07  1.76e-07  8.33e-08 -4.03e-08 -3.62e-09 -2.07e-09  8.88e-10  1.24e-09  7.95e-10 -7.61e-06  6.44e-10 -2.53e-10  4.48e-07 -3.39e-06 -1.26e-06 -1.34e-06  8.12e-08 -2.02e-06   1.1e-06  2.39e-06  6.35e-07 -7.64e-08  4.14e-07 -1.83e-06  1.22e-06   2.5e-06 -6.69e-07   5.8e-06 -1.05e-05  8.58e-06 -1.16e-05 -2.66e-06 -1.65e-07 -4.29e-08  2.58e-08  2.32e-08  8.59e+03 -3.45e-08   1.3e-09 -2.03e-10 -9.85e-11  7.25e-11 -4.73e-11  5.42e-11  5.34e-06  4.34e-06  8.84e-07  1.72e-06  1.98e-06 -2.57e-06 
-2.42e-07 -1.54e-07 -7.29e-08  3.56e-08  3.26e-09   2.4e-09 -1.96e-09 -1.24e-09  8.48e-10  8.73e-06  1.36e-05    -7e-09 -1.76e-06  2.75e-06  1.06e-06  8.77e-07  2.29e-08  1.01e-06    -3e-07 -8.86e-07 -2.42e-07     3e-08 -1.55e-07  6.83e-07 -4.65e-07 -9.41e-07   2.4e-07 -2.16e-06  3.75e-06 -2.68e-06  3.21e-06  6.04e-07 -1.97e-08  3.84e-09  1.03e-09  4.08e-09 -3.45e-08  8.82e+03  9.03e-10  9.35e-11  7.15e-11 -6.45e-11  4.15e-11 -8.02e-06 -4.58e-06 -3.42e-06  -7.7e-07 -1.07e-06 -1.34e-06  1.75e-06 
 1.48e-07   9.9e-08  4.65e-08 -2.12e-08 -2.04e-09 -1.99e-09  1.48e-09  6.13e-10 -1.04e-09 -6.18e-06  -2.1e-06 -1.97e-05  4.21e-07 -2.11e-06 -6.02e-07 -7.04e-07  8.03e-09 -8.54e-07  4.22e-08  2.42e-07  8.19e-08 -1.17e-08  4.77e-08 -2.11e-07  1.46e-07  2.88e-07 -6.94e-08  6.47e-07 -1.03e-06  6.23e-07 -5.69e-07 -1.54e-07   9.7e-09  1.28e-13 -1.09e-09 -1.87e-12   1.3e-09  9.01e-10  9.05e+03  1.23e-10 -1.46e-11  4.31e-11  9.73e-06  3.71e-06  2.97e-06  2.23e-06   5.5e-07  6.26e-07  7.79e-07 -1.01e-06 
-1.25e-07 -8.35e-08 -3.93e-08   1.7e-08  1.74e-09  1.81e-09 -1.22e-09 -6.05e-10  1.09e-09  5.01e-06  5.68e-06  1.32e-05 -1.15e-06  1.59e-06  6.29e-07  4.06e-07  3.15e-08  3.82e-07  -8.1e-08 -2.97e-07 -5.82e-08  9.75e-09 -3.76e-08  1.62e-07 -1.12e-07 -2.19e-07  5.23e-08 -4.85e-07  7.68e-07 -4.71e-07  4.68e-07  7.22e-08 -8.41e-10 -1.11e-10  2.73e-10 -2.05e-10 -2.03e-10  9.27e-11  1.22e-10  9.25e+03  1.68e-11 -3.66e-11 -8.69e-06 -2.21e-06 -2.25e-06 -1.77e-06 -4.91e-07 -5.49e-07 -6.74e-07  8.95e-07 
 1.09e-07  1.85e-06  -2.9e-08 -9.09e-09 -1.51e-09   1.7e-09 -2.15e-09 -1.76e-10  3.66e-09  1.89e-06   2.1e-05  2.93e-05 -1.17e-07  1.67e-06  4.72e-07  3.83e-07  3.48e-09  4.39e-07 -5.99e-08 -1.98e-07 -3.14e-08  5.32e-09 -1.93e-08  8.49e-08 -5.87e-08 -1.14e-07  2.76e-08 -2.56e-07  4.15e-07 -2.68e-07  2.75e-07  4.46e-08 -3.26e-10 -1.11e-10   2.3e-05  -1.2e-10 -9.75e-11  7.08e-11 -1.57e-11  1.97e-11  9.45e+03 -2.38e-11 -5.04e-06  8.01e-07 -1.07e-06 -1.11e-06 -5.24e-07 -4.64e-07  -4.9e-07  5.96e-07 
 4.54e-08  4.46e-08   1.9e-08 -9.76e-09  4.82e-10 -2.21e-09 -1.61e-08  1.29e-05 -8.23e-09 -8.86e-07 -1.69e-08 -3.17e-05  3.01e-07 -1.59e-06 -4.68e-07 -2.92e-07  -1.3e-08 -2.94e-07  5.53e-08  1.66e-07  1.65e-08 -3.52e-09  1.07e-08 -4.72e-08  3.31e-08  6.23e-08 -1.47e-08  1.38e-07 -2.16e-07  1.33e-07 -1.22e-07 -1.93e-08  9.56e-11 -6.96e-07 -1.06e-10  9.83e-11  7.05e-11 -6.48e-11  4.43e-11 -3.78e-11 -2.48e-11  9.62e+03 -1.31e-11  1.21e-06  6.62e-07  8.39e-07  5.28e-07  4.26e-07  4.29e-07 -5.11e-07 
-2.41e-08 -3.13e-08 -1.42e-08  1.81e-09  6.09e-10   1.6e-09  -1.1e-09  4.27e-07  1.38e-09  1.53e-07   1.6e-08  2.97e-05  2.33e-07  1.39e-06  3.24e-07  2.79e-07  -5.3e-09  3.38e-07 -2.12e-08 -6.65e-08 -5.98e-09  1.66e-09 -2.89e-09  1.34e-08 -9.83e-09 -1.66e-08  3.51e-09 -3.65e-08  4.92e-08 -2.29e-08  1.42e-09  7.39e-09 -6.27e-11  -5.8e-11  7.72e-11 -2.57e-05 -4.65e-11  4.18e-11  9.73e-06 -8.69e-06 -5.04e-06 -1.17e-11  9.79e+03 -5.51e-06 -1.72e-06 -1.03e-06 -4.08e-07 -3.24e-07 -3.06e-07   3.4e-07 
 1.78e-07   1.6e-06  1.09e-08 -2.21e-08 -8.71e-10 -1.37e-09 -1.36e-08   1.1e-05 -8.16e-09    -1e-06 -1.52e-05 -1.73e-05  3.15e-07 -1.01e-06 -3.29e-07  -1.8e-07 -1.47e-08 -1.65e-07  2.68e-08  9.84e-08  1.32e-08  -2.7e-09  8.42e-09 -3.66e-08  2.56e-08  4.83e-08 -1.14e-08  1.07e-07 -1.66e-07  1.02e-07 -9.74e-08 -1.06e-08  6.85e-11 -1.19e-05 -9.86e-11 -5.72e-06   5.4e-11 -8.02e-06  3.71e-06 -2.21e-06  8.01e-07  1.21e-06 -5.51e-06  9.93e+03  1.47e-06  8.61e-07  3.33e-07  2.83e-07  2.98e-07 -3.72e-07 
 1.63e-08  2.04e-08  1.03e-08 -7.75e-09  2.86e-09 -3.46e-10  1.35e-09  2.55e-06 -2.21e-05  -9.2e-08  -1.8e-05 -2.06e-05 -1.03e-07 -9.26e-07 -2.33e-07 -1.69e-07 -1.01e-10 -1.98e-07  2.36e-08  6.62e-08  4.29e-09 -1.16e-09  2.36e-09 -1.08e-08  7.79e-09  1.35e-08 -3.09e-09  3.08e-08 -4.72e-08  2.82e-08 -2.17e-08 -4.62e-09  4.88e-11  4.08e-11  -5.8e-11 -2.16e-06  5.34e-06 -4.58e-06  2.97e-06 -2.25e-06 -1.07e-06  6.62e-07 -1.72e-06  1.47e-06  1.01e+04  3.29e-12  4.98e-07  2.19e-07  2.03e-07 -2.35e-07 
 1.05e-08  1.54e-08  1.44e-08 -4.01e-08  2.81e-08  1.86e-05 -5.46e-08   2.7e-06  -3.1e-09 -8.89e-08 -1.31e-05 -1.44e-05  1.07e-07  -6.8e-07 -1.92e-07 -1.13e-07 -4.44e-09 -1.18e-07  2.15e-08  5.88e-08  3.64e-09 -9.57e-10  2.22e-09 -1.02e-08   7.3e-09   1.3e-08 -3.03e-09  2.94e-08 -4.61e-08  2.91e-08 -2.48e-08  -2.5e-09  3.63e-11  -9.7e-06    -5e-11  2.15e-06  4.34e-06 -3.42e-06  2.23e-06 -1.77e-06 -1.11e-06  8.39e-07 -1.03e-06  8.61e-07  2.45e-12  1.02e+04  3.74e-07  1.78e-07  1.64e-07 -1.95e-07 
-3.76e-08  4.21e-09  1.94e-06   4.3e-08  -6.5e-06  6.71e-06  -9.4e-09 -6.32e-06 -6.42e-06  6.72e-07 -9.24e-06 -1.25e-05 -2.87e-07 -4.24e-07 -6.04e-08 -8.24e-08  8.37e-09 -1.23e-07  1.04e-08  2.33e-08  3.19e-11  1.21e-11 -8.07e-10   2.5e-09 -1.61e-09  -3.2e-09 -3.43e-05 -7.08e-09  1.05e-08 -5.72e-09   9.5e-09  1.83e-10  1.44e-11   8.6e-12 -4.47e-06 -4.66e-07  8.84e-07  -7.7e-07   5.5e-07 -4.91e-07 -5.24e-07  5.28e-07 -4.08e-07  3.33e-07  4.98e-07  3.74e-07  1.02e+04  8.16e-08  6.03e-08 -4.41e-08 
-9.08e-09 -1.55e-09  2.09e-08  7.21e-08 -8.44e-06  6.86e-06  9.34e-06 -2.45e-06 -4.74e-06  3.06e-07 -5.75e-06 -6.63e-06 -2.94e-08 -2.73e-07 -5.77e-08 -4.65e-08  1.28e-09 -5.96e-08  6.28e-09  1.89e-08  1.94e-09    -3e-10  7.68e-10 -3.85e-09   2.7e-09   5.2e-09 -1.28e-09  1.19e-08 -1.98e-08  1.36e-08 -1.22e-08 -8.39e-10  1.13e-11 -4.25e-06  -1.2e-05 -4.44e-07  1.72e-06 -1.07e-06  6.26e-07 -5.49e-07 -4.64e-07  4.26e-07 -3.24e-07  2.83e-07  2.19e-07  1.78e-07  8.16e-08  1.03e+04  4.87e-08 -5.42e-08 
-3.22e-06  3.54e-07    -2e-08  7.95e-08 -7.94e-06  9.62e-06  8.32e-06   1.8e-06 -6.29e-06 -1.88e-07 -4.02e-06  -4.5e-06  7.03e-09  -2.4e-07 -6.73e-08 -4.21e-08    -7e-06 -4.65e-08 -9.49e-09 -6.19e-05  5.14e-08  -2.8e-09  1.35e-09 -5.19e-09  3.63e-09  6.58e-09 -1.55e-09  1.48e-08 -2.32e-08  1.46e-08 -1.32e-08 -1.42e-09  1.32e-11 -3.13e-06 -1.02e-05  8.03e-07  1.98e-06 -1.34e-06  7.79e-07 -6.74e-07  -4.9e-07  4.29e-07 -3.06e-07  2.98e-07  2.03e-07  1.64e-07  6.03e-08  4.87e-08  1.04e+04 -7.36e-08 
 2.96e-09   4.2e-09 -3.13e-08 -1.26e-07   1.4e-05 -1.05e-05 -7.18e-06 -5.53e-06  7.93e-06  5.69e-07  2.49e-06   3.1e-06 -1.92e-05   2.4e-07  1.06e-07  3.99e-08  5.13e-09  5.69e-08 -4.63e-05 -6.06e-06  9.52e-09 -5.15e-11 -1.48e-09  6.23e-09 -4.45e-09 -7.78e-09  1.74e-09  -1.7e-08  2.49e-08 -1.38e-08  1.22e-08  1.93e-09 -2.58e-11 -1.01e-05  2.71e-11  2.81e-06 -2.57e-06  1.75e-06 -1.01e-06  8.95e-07  5.96e-07 -5.11e-07   3.4e-07 -3.72e-07 -2.35e-07 -1.95e-07 -4.41e-08 -5.42e-08 -7.36e-08  1.04e+04 

0 9.86648 9.8696
1 39.4285 39.4784
2 88.5739 88.8264
3 157.116 157.914
4 244.796 246.74
5 351.279 355.306
6 476.164 483.611
7 618.975 631.655
8 779.17 799.438
9 956.144 986.96
10 1149.22 1194.22
11 1357.68 1421.22
12 1580.71 1667.96
13 1817.48 1934.44
14 2067.09 2220.66
15 2328.6 2526.62
