# index 0:0 order eigenfunc

0 0
0.0196078 0.0121909
0.0392157 0.0243355
0.0588235 0.0363878
0.0784314 0.0483021
0.0980392 0.0600332
0.117647 0.0715365
0.137255 0.0827685
0.156863 0.0936865
0.176471 0.104249
0.196078 0.114416
0.215686 0.124149
0.235294 0.133412
0.254902 0.142168
0.27451 0.150385
0.294118 0.158031
0.313725 0.165078
0.333333 0.171499
0.352941 0.177269
0.372549 0.182366
0.392157 0.186772
0.411765 0.19047
0.431373 0.193445
0.45098 0.195686
0.470588 0.197185
0.490196 0.197936
0.509804 0.197936
0.529412 0.197185
0.54902 0.195686
0.568627 0.193445
0.588235 0.19047
0.607843 0.186772
0.627451 0.182366
0.647059 0.177269
0.666667 0.171499
0.686275 0.165078
0.705882 0.158031
0.72549 0.150385
0.745098 0.142168
0.764706 0.133412
0.784314 0.124149
0.803922 0.114416
0.823529 0.104249
0.843137 0.0936865
0.862745 0.0827685
0.882353 0.0715365
0.901961 0.0600332
0.921569 0.0483021
0.941176 0.0363878
0.960784 0.0243355
0.980392 0.0121909
1 0


# index 1:1 order eigenfunc

0 0
0.0196078 -0.0243355
0.0392157 -0.0483021
0.0588235 -0.0715365
0.0784314 -0.0936865
0.0980392 -0.114416
0.117647 -0.133412
0.137255 -0.150385
0.156863 -0.165078
0.176471 -0.177269
0.196078 -0.186772
0.215686 -0.193445
0.235294 -0.197185
0.254902 -0.197936
0.27451 -0.195686
0.294118 -0.19047
0.313725 -0.182366
0.333333 -0.171499
0.352941 -0.158031
0.372549 -0.142168
0.392157 -0.124149
0.411765 -0.104249
0.431373 -0.0827685
0.45098 -0.0600332
0.470588 -0.0363878
0.490196 -0.0121909
0.509804 0.0121909
0.529412 0.0363878
0.54902 0.0600332
0.568627 0.0827685
0.588235 0.104249
0.607843 0.124149
0.627451 0.142168
0.647059 0.158031
0.666667 0.171499
0.686275 0.182366
0.705882 0.19047
0.72549 0.195686
0.745098 0.197936
0.764706 0.197185
0.784314 0.193445
0.803922 0.186772
0.823529 0.177269
0.843137 0.165078
0.862745 0.150385
0.882353 0.133412
0.901961 0.114416
0.921569 0.0936865
0.941176 0.0715365
0.960784 0.0483021
0.980392 0.0243355
1 0


# index 2:2 order eigenfunc

0 0
0.0196078 0.0363878
0.0392157 0.0715365
0.0588235 0.104249
0.0784314 0.133412
0.0980392 0.158031
0.117647 0.177269
0.137255 0.19047
0.156863 0.197185
0.176471 0.197185
0.196078 0.19047
0.215686 0.177269
0.235294 0.158031
0.254902 0.133412
0.27451 0.104249
0.294118 0.0715365
0.313725 0.0363878
0.333333 4.24291e-10
0.352941 -0.0363878
0.372549 -0.0715365
0.392157 -0.104249
0.411765 -0.133412
0.431373 -0.158031
0.45098 -0.177269
0.470588 -0.19047
0.490196 -0.197185
0.509804 -0.197185
0.529412 -0.19047
0.54902 -0.177269
0.568627 -0.158031
0.588235 -0.133412
0.607843 -0.104249
0.627451 -0.0715365
0.647059 -0.0363878
0.666667 3.15603e-10
0.686275 0.0363878
0.705882 0.0715365
0.72549 0.104249
0.745098 0.133412
0.764706 0.158031
0.784314 0.177269
0.803922 0.19047
0.823529 0.197185
0.843137 0.197185
0.862745 0.19047
0.882353 0.177269
0.901961 0.158031
0.921569 0.133412
0.941176 0.104249
0.960784 0.0715365
0.980392 0.0363878
1 0


