

# index 0: the function
         0          0
       0.1       0.05
       0.2        0.1
       0.3       0.15
       0.4        0.2
       0.5       0.25
       0.6        0.3
       0.7       0.35
       0.8        0.4
       0.9       0.45
         1        0.5
       1.1       0.55
       1.2        0.6
       1.3       0.65
       1.4        0.7
       1.5       0.75
       1.6        0.8
       1.7       0.85
       1.8        0.9
       1.9       0.95
         2          1
       2.1       1.05
       2.2        1.1
       2.3       1.15
       2.4        1.2
       2.5       1.25
       2.6        1.3
       2.7       1.35
       2.8        1.4
       2.9       1.45
         3        1.5
       3.1       1.55
       3.2        1.6
       3.3       1.65
       3.4        1.7
       3.5       1.75
       3.6        1.8
       3.7       1.85
       3.8        1.9
       3.9       1.95
         4          2
       4.1       2.05
       4.2        2.1
       4.3       2.15
       4.4        2.2
       4.5       2.25
       4.6        2.3
       4.7       2.35
       4.8        2.4
       4.9       2.45
         5        2.5


# index 1: Linear. First interpret and then integrate
         0          0          0
       0.1       0.05     0.0025
       0.2        0.1       0.01
       0.3       0.15     0.0225
       0.4        0.2       0.04
       0.5       0.25     0.0625
       0.6        0.3       0.09
       0.7       0.35     0.1225
       0.8        0.4       0.16
       0.9       0.45     0.2025
         1        0.5       0.25
       1.1       0.55     0.3025
       1.2        0.6       0.36
       1.3       0.65     0.4225
       1.4        0.7       0.49
       1.5       0.75     0.5625
       1.6        0.8       0.64
       1.7       0.85     0.7225
       1.8        0.9       0.81
       1.9       0.95     0.9025
         2          1          1
       2.1       1.05     1.1025
       2.2        1.1       1.21
       2.3       1.15     1.3225
       2.4        1.2       1.44
       2.5       1.25     1.5625
       2.6        1.3       1.69
       2.7       1.35     1.8225
       2.8        1.4       1.96
       2.9       1.45     2.1025
         3        1.5       2.25
       3.1       1.55     2.4025
       3.2        1.6       2.56
       3.3       1.65     2.7225
       3.4        1.7       2.89
       3.5       1.75     3.0625
       3.6        1.8       3.24
       3.7       1.85     3.4225
       3.8        1.9       3.61
       3.9       1.95     3.8025
         4          2          4
       4.1       2.05     4.2025
       4.2        2.1       4.41
       4.3       2.15     4.6225
       4.4        2.2       4.84
       4.5       2.25     5.0625
       4.6        2.3       5.29
       4.7       2.35     5.5225
       4.8        2.4       5.76
       4.9       2.45     6.0025
         5        2.5       6.25


# index 2: gsl, first the interpret and then the intergration
         0          0          0
       0.1       0.05     0.0025
       0.2        0.1       0.01
       0.3       0.15     0.0225
       0.4        0.2       0.04
       0.5       0.25     0.0625
       0.6        0.3       0.09
       0.7       0.35     0.1225
       0.8        0.4       0.16
       0.9       0.45     0.2025
         1        0.5       0.25
       1.1       0.55     0.3025
       1.2        0.6       0.36
       1.3       0.65     0.4225
       1.4        0.7       0.49
       1.5       0.75     0.5625
       1.6        0.8       0.64
       1.7       0.85     0.7225
       1.8        0.9       0.81
       1.9       0.95     0.9025
         2          1          1
       2.1       1.05     1.1025
       2.2        1.1       1.21
       2.3       1.15     1.3225
       2.4        1.2       1.44
       2.5       1.25     1.5625
       2.6        1.3       1.69
       2.7       1.35     1.8225
       2.8        1.4       1.96
       2.9       1.45     2.1025
         3        1.5       2.25
       3.1       1.55     2.4025
       3.2        1.6       2.56
       3.3       1.65     2.7225
       3.4        1.7       2.89
       3.5       1.75     3.0625
       3.6        1.8       3.24
       3.7       1.85     3.4225
       3.8        1.9       3.61
       3.9       1.95     3.8025
         4          2          4
       4.1       2.05     4.2025
       4.2        2.1       4.41
       4.3       2.15     4.6225
       4.4        2.2       4.84
       4.5       2.25     5.0625
       4.6        2.3       5.29
       4.7       2.35     5.5225
       4.8        2.4       5.76
       4.9       2.45     6.0025
         5        2.5       6.25


# index 3: quad, first interpret and then integration
         0          0          0
       0.1       0.05     0.0025
       0.2        0.1       0.01
       0.3       0.15     0.0225
       0.4        0.2       0.04
       0.5       0.25     0.0625
       0.6        0.3       0.09
       0.7       0.35     0.1225
       0.8        0.4       0.16
       0.9       0.45     0.2025
         1        0.5       0.25
       1.1       0.55     0.3025
       1.2        0.6       0.36
       1.3       0.65     0.4225
       1.4        0.7       0.49
       1.5       0.75     0.5625
       1.6        0.8       0.64
       1.7       0.85     0.7225
       1.8        0.9       0.81
       1.9       0.95     0.9025
         2          1          1
       2.1       1.05     1.1025
       2.2        1.1       1.21
       2.3       1.15     1.3225
       2.4        1.2       1.44
       2.5       1.25     1.5625
       2.6        1.3       1.69
       2.7       1.35     1.8225
       2.8        1.4       1.96
       2.9       1.45     2.1025
         3        1.5       2.25
       3.1       1.55     2.4025
       3.2        1.6       2.56
       3.3       1.65     2.7225
       3.4        1.7       2.89
       3.5       1.75     3.0625
       3.6        1.8       3.24
       3.7       1.85     3.4225
       3.8        1.9       3.61
       3.9       1.95     3.8025
         4          2          4
       4.1       2.05     4.2025
       4.2        2.1       4.41
       4.3       2.15     4.6225
       4.4        2.2       4.84
       4.5       2.25     5.0625
       4.6        2.3       5.29
       4.7       2.35     5.5225
       4.8        2.4       5.76
       4.9       2.45     6.0025
         5        2.5       6.25


# index 4: quad diff
         0        0.5
       0.1        0.5
       0.2        0.5
       0.3        0.5
       0.4        0.5
       0.5        0.5
       0.6        0.5
       0.7        0.5
       0.8        0.5
       0.9        0.5
         1        0.5
       1.1        0.5
       1.2        0.5
       1.3        0.5
       1.4        0.5
       1.5        0.5
       1.6        0.5
       1.7        0.5
       1.8        0.5
       1.9        0.5
         2        0.5
       2.1        0.5
       2.2        0.5
       2.3        0.5
       2.4        0.5
       2.5        0.5
       2.6        0.5
       2.7        0.5
       2.8        0.5
       2.9        0.5
         3        0.5
       3.1        0.5
       3.2        0.5
       3.3        0.5
       3.4        0.5
       3.5        0.5
       3.6        0.5
       3.7        0.5
       3.8        0.5
       3.9        0.5
         4        0.5
       4.1        0.5
       4.2        0.5
       4.3        0.5
       4.4        0.5
       4.5        0.5
       4.6        0.5
       4.7        0.5
       4.8        0.5
       4.9        0.5
         5        0.5
