      0.011  0.00100904     1.00133 
  0.0209509  0.00101913     1.00257 
  0.0440319  0.00104292     1.00399 
   0.098821  0.00110163     1.00551 
   0.236667  0.00126395     1.00712 
   0.607537  0.00181964     1.00865 
          1  0.00267392     1.00906 


 0.00416873  0.00100217     1.00046 
 0.00719903  0.00100521     1.00153 
  0.0123276  0.00101038     1.00259 
  0.0216801  0.00101987     1.00372 
   0.039575  0.00103829     1.00494 
  0.0753969  0.00107615      1.0063 
    0.15064  0.00116017     1.00787 
   0.317359  0.00136971     1.00987 
   0.710924  0.00201486     1.01302 
    1.73651  0.00514093     1.02126 
    4.50037   0.0389853     1.07681 
    6.27734    0.169812     1.25619 
    7.01638    0.341684     1.47978 
     7.5251    0.559714     1.75778 
    7.92592    0.829022     2.09681 
          8    0.892711     2.17649 


 0.00416873  0.00100217     1.00046 
 0.00719903  0.00100521     1.00153 
  0.0123276  0.00101038     1.00259 
  0.0216801  0.00101987     1.00372 
   0.039575  0.00103829     1.00494 
  0.0753969  0.00107615      1.0063 
    0.15064  0.00116017     1.00787 
   0.317359  0.00136971     1.00987 
   0.710924  0.00201486     1.01302 
    1.73651  0.00514093     1.02126 
    4.50037   0.0389853     1.07681 
    6.27734    0.169812     1.25619 
    7.01638    0.341684     1.47978 
     7.5251    0.559714     1.75778 
    7.92592    0.829022     2.09681 
          8    0.892711     2.17649 


 0.00416873  0.00100217     1.00046 
 0.00719903  0.00100521     1.00153 
  0.0123276  0.00101038     1.00259 
  0.0216801  0.00101987     1.00372 
   0.039575  0.00103829     1.00494 
  0.0753969  0.00107615      1.0063 
    0.15064  0.00116017     1.00787 
   0.317359  0.00136971     1.00987 
   0.710924  0.00201486     1.01302 
    1.73651  0.00514093     1.02126 
    4.50037   0.0389853     1.07681 
    6.27734    0.169812     1.25619 
    7.01638    0.341684     1.47978 
     7.5251    0.559714     1.75778 
    7.92592    0.829022     2.09681 
          8    0.892711     2.17649 


 0.00416873  0.00100217     1.00046 
 0.00719903  0.00100521     1.00153 
  0.0123276  0.00101038     1.00259 
  0.0216801  0.00101987     1.00372 
   0.039575  0.00103829     1.00494 
  0.0753969  0.00107615      1.0063 
    0.15064  0.00116017     1.00787 
   0.317359  0.00136971     1.00987 
   0.710923  0.00201486     1.01302 
     1.7365  0.00514089     1.02126 
    4.50039   0.0389856      1.0768 
    6.27745    0.169822     1.25617 
     7.0165    0.341709     1.47974 
    7.52522    0.559758     1.75772 
      7.926    0.829052     2.09668 
          8    0.892672     2.17627 


 0.00416873  0.00100217     1.00046 
 0.00719903  0.00100521     1.00153 
  0.0123276  0.00101038     1.00259 
  0.0216801  0.00101987     1.00372 
   0.039575  0.00103829     1.00494 
  0.0753969  0.00107615      1.0063 
    0.15064  0.00116017     1.00787 
   0.317359  0.00136971     1.00987 
   0.710924  0.00201486     1.01302 
    1.73651  0.00514093     1.02126 
    4.50037   0.0389853     1.07681 
    6.27734    0.169812     1.25619 
    7.01638    0.341684     1.47978 
     7.5251    0.559714     1.75778 
    7.92592    0.829022     2.09681 
          8    0.892711     2.17649 


