100000 0.0011917271265193818408 0.010253157136254742454
125000 0.00083550700146872713958 0.015096983922855855553
150000 0.00066694326330818398674 0.0046194584872480959348
175000 0.00063283808486502834967 0.0077220022059467652298
200000 0.00063231415395392787104 0.022966130916941551732
225000 0.00047513617451855338913 0.0097763091729170525923
250000 0.00046823628668590799862 0.027926679478127880429
275000 0.0004385298331435194541 0.016832036038145758994
300000 0.00041536044441414787798 0.011809685028900673842
325000 0.00039196066032509691013 0.012669305048341072961
350000 0.00032061682565931448607 0.0069377938620753809573
375000 0.00032434388603874708679 0.019285125534793223778
400000 0.00033695413047851729971 0.00083367670464795651242
425000 0.00034165854734879985699 0.012546266730751653995
450000 0.00026714305292863116392 0.0047165365028014605286
475000 0.00024627965805201768035 0.002303804201968517873
500000 0.00024559636173648868862 0.00069256373172521534798
525000 0.00023519367922375522539 0.009702718706993351816
550000 0.00025076121318967636853 0.010973959550975465049
575000 0.00025234958594566592183 0.0018486156758221738983
600000 0.00020744967202901420933 0.011181400002655550452
625000 0.00014731861472228047205 0.0027276662158470799113
650000 0.00019917900623589446241 0.0063130084113307560756
675000 0.00016566429907172164349 0.0051685701399506456255
700000 0.00016545157393643705745 0.013652227014592455134
725000 0.00017672175797756040083 0.0072478461787355286106
750000 0.00014225749143648158679 0.013759380486067840366
775000 0.0001514755953913038411 0.014673909958810682497
800000 0.00015055986008150057387 0.016279454306900476013
825000 0.00014946269885030005753 0.003391569886938228251
850000 0.00014893369335133854747 0.0062467320375585444481
875000 0.00014086715937366989237 0.00033420283899232572367
900000 0.00014251370613926894748 0.0051983153039216745128
925000 0.00015779801874948873319 0.0052298005122004553868
950000 0.00014308634597703928648 0.0011318972289551254562
975000 0.0001382661853028821497 0.0030463981903903203374
