       0.1    9.51351    9.51351    9.51351 
       0.2    4.59084    4.59084    4.59084 
       0.3    2.99157    2.99157    2.99157 
       0.4    2.21816    2.21816    2.21816 
       0.5    1.77245    1.77245    1.77245 
       0.6    1.48919    1.48919    1.48919 
       0.7    1.29806    1.29806    1.29806 
       0.8    1.16423    1.16423    1.16423 
       0.9    1.06863    1.06863    1.06863 
         1          1          1          1 
       1.1   0.951351   0.951351   0.951351 
       1.2   0.918169   0.918169   0.918169 
       1.3   0.897471   0.897471   0.897471 
       1.4   0.887264   0.887264   0.887264 
       1.5   0.886227   0.886227   0.886227 
       1.6   0.893515   0.893515   0.893515 
       1.7   0.908639   0.908639   0.908639 
       1.8   0.931384   0.931384   0.931384 
       1.9   0.961766   0.961766   0.961766 
         2          1          1          1 
       2.1    1.04649    1.04649    1.04649 
       2.2     1.1018     1.1018     1.1018 
       2.3    1.16671    1.16671    1.16671 
       2.4    1.24217    1.24217    1.24217 
       2.5    1.32934    1.32934    1.32934 
       2.6    1.42962    1.42962    1.42962 
       2.7    1.54469    1.54469    1.54469 
       2.8    1.67649    1.67649    1.67649 
       2.9    1.82736    1.82736    1.82736 
         3          2          2          2 
       3.1    2.19762    2.19762    2.19762 
       3.2    2.42397    2.42397    2.42397 
       3.3    2.68344    2.68344    2.68344 
       3.4    2.98121    2.98121    2.98121 
       3.5    3.32335    3.32335    3.32335 
       3.6    3.71702    3.71702    3.71702 
       3.7    4.17065    4.17065    4.17065 
       3.8    4.69417    4.69417    4.69417 
       3.9    5.29933    5.29933    5.29933 
         4          6          6          6 
       4.1    6.81262    6.81262    6.81262 
       4.2    7.75669    7.75669    7.75669 
       4.3    8.85534    8.85534    8.85534 
       4.4    10.1361    10.1361    10.1361 
       4.5    11.6317    11.6317    11.6317 
       4.6    13.3813    13.3813    13.3813 
       4.7    15.4314    15.4314    15.4314 
       4.8    17.8379    17.8379    17.8379 
       4.9    20.6674    20.6674    20.6674 
         5         24         24         24 
