       0.1    2.25271    2.25271    2.25271 
       0.2    1.52406    1.52406    1.52406 
       0.3     1.0958     1.0958     1.0958 
       0.4   0.796678   0.796678   0.796678 
       0.5   0.572365   0.572365   0.572365 
       0.6   0.398234   0.398234   0.398234 
       0.7   0.260867   0.260867   0.260867 
       0.8    0.15206    0.15206    0.15206 
       0.9  0.0663762  0.0663762  0.0663762 
         1 -1.09351e-08 6.40838e-17 2.22045e-16 
       1.1 -0.0498725 -0.0498724 -0.0498724 
       1.2 -0.0853741 -0.0853741 -0.0853741 
       1.3  -0.108175  -0.108175  -0.108175 
       1.4  -0.119613  -0.119613  -0.119613 
       1.5  -0.120782  -0.120782  -0.120782 
       1.6  -0.112592  -0.112592  -0.112592 
       1.7 -0.0958077 -0.0958077 -0.0958077 
       1.8 -0.0710839 -0.0710839 -0.0710839 
       1.9 -0.0389843 -0.0389843 -0.0389843 
         2 -1.09351e-08 1.87754e-16 2.22045e-16 
       2.1  0.0454377  0.0454377  0.0454377 
       2.2  0.0969475  0.0969475  0.0969475 
       2.3   0.154189   0.154189   0.154189 
       2.4   0.216859   0.216859   0.216859 
       2.5   0.284683   0.284683   0.284683 
       2.6   0.357412   0.357412   0.357412 
       2.7   0.434821   0.434821   0.434821 
       2.8   0.516703   0.516703   0.516703 
       2.9    0.60287    0.60287    0.60287 
         3   0.693147   0.693147   0.693147 
       3.1   0.787375   0.787375   0.787375 
       3.2   0.885405   0.885405   0.885405 
       3.3   0.987099   0.987099   0.987099 
       3.4    1.09233    1.09233    1.09233 
       3.5    1.20097    1.20097    1.20097 
       3.6    1.31292    1.31292    1.31292 
       3.7    1.42807    1.42807    1.42807 
       3.8    1.54632    1.54632    1.54632 
       3.9    1.66758    1.66758    1.66758 
         4    1.79176    1.79176    1.79176 
       4.1    1.91878    1.91878    1.91878 
       4.2    2.04856    2.04856    2.04856 
       4.3    2.18102    2.18102    2.18102 
       4.4     2.3161     2.3161     2.3161 
       4.5    2.45374    2.45374    2.45374 
       4.6    2.59386    2.59386    2.59386 
       4.7    2.73641    2.73641    2.73641 
       4.8    2.88132    2.88132    2.88132 
       4.9    3.02856    3.02856    3.02856 
         5    3.17805    3.17805    3.17805 
