
 # index 0 : N-body system
  -0.958811    0.253081  -0.0217291  -0.0201519     0.98054   -0.232929    0.494897    0.424711   -0.933293   -0.863614    0.438395    0.438903           0 
  -0.947354    0.262551  -0.0427555  -0.0395665     0.99011   -0.222984    0.523439    0.416132   -0.935816   -0.860406    0.412377    0.444274           0 
  -0.935516    0.271615  -0.0633992  -0.0584678    0.998915   -0.213148    0.552125    0.406489   -0.939838   -0.855221    0.387713    0.448732           0 
  -0.923221    0.280328    -0.08385  -0.0769643     1.00707   -0.203364    0.581103    0.395651   -0.945258   -0.848095    0.364155    0.452444           0 
  -0.910426    0.288705   -0.104222   -0.095097     1.01465   -0.193608    0.610422    0.383501   -0.951977   -0.839029    0.341556    0.455528           0 
  -0.897107     0.29674   -0.124582   -0.112867     1.02169   -0.183873    0.640064    0.369929   -0.959887   -0.828008    0.319823    0.458079           0 
  -0.883257    0.304412   -0.144971   -0.130251     1.02823   -0.174161    0.669965    0.354842   -0.968862   -0.815014    0.298897    0.460172           0 
  -0.868879    0.311695   -0.165409   -0.147214     1.03429   -0.164481    0.700023    0.338158   -0.978757   -0.800031    0.278734    0.461873           0 
  -0.853985    0.318557   -0.185904   -0.163713     1.03989   -0.154844     0.73011    0.319811   -0.989407   -0.783051    0.259297     0.46324           0 
  -0.838595    0.324966   -0.206454   -0.179703     1.04505   -0.145263    0.760076    0.299755    -1.00063    -0.76408    0.240555    0.464325           0 
  -0.822734    0.330888   -0.227051   -0.195138     1.04978   -0.135749    0.789758    0.277964    -1.01223   -0.743136    0.222476    0.465171           0 
   -0.80643    0.336293   -0.247685   -0.209979     1.05411   -0.126314     0.81898    0.254433    -1.02401   -0.720253    0.205026     0.46582           0 
  -0.789716    0.341152    -0.26834   -0.224186     1.05806   -0.116966    0.847563    0.229178    -1.03574   -0.695485    0.188172    0.466306           0 
  -0.772626     0.34544   -0.288998   -0.237728     1.06162   -0.107713    0.875328    0.202239    -1.04721   -0.668899    0.171879     0.46666           0 
  -0.755195    0.349135   -0.309643   -0.250577     1.06484  -0.0985587    0.902098    0.173675    -1.05821   -0.640584     0.15611    0.466909           0 
  -0.737459    0.352219   -0.330256   -0.262711     1.06771  -0.0895074    0.927707    0.143567    -1.06853   -0.610641    0.140827    0.467075           0 
  -0.719451    0.354675   -0.350818   -0.274116     1.07027  -0.0805592    0.951997    0.112014    -1.07799   -0.579191    0.125991    0.467177           0 
  -0.701204    0.356492   -0.371313   -0.284779     1.07252  -0.0717131    0.974825   0.0791312    -1.08639   -0.546363    0.111563    0.467232           0 
   -0.68275    0.357662   -0.391723   -0.294695     1.07447  -0.0629661    0.996066   0.0450488    -1.09357   -0.512301    0.097503    0.467253           0 
  -0.664117    0.358177   -0.412033   -0.303863     1.07615  -0.0543137     1.01561  0.00990786    -1.09938   -0.477158   0.0837717    0.467251           0 
  -0.645333    0.358033   -0.432229   -0.312283     1.07756  -0.0457501     1.03337  -0.0261407     -1.1037   -0.441094   0.0703302    0.467235           0 
  -0.626422    0.357229   -0.452297   -0.319961     1.07872  -0.0372683     1.04927   -0.062939    -1.10641   -0.404273   0.0571397    0.467212           0 
  -0.607405    0.355764   -0.472225   -0.326903     1.07963  -0.0288606     1.06326   -0.100324    -1.10742   -0.366863   0.0441622    0.467187           0 
  -0.588303    0.353638      -0.492   -0.333119      1.0803  -0.0205185     1.07531   -0.138131    -1.10667   -0.329035   0.0313605    0.467166           0 
  -0.569133    0.350852   -0.511614   -0.338619     1.08075   -0.012233     1.08541   -0.176193     -1.1041   -0.290957   0.0186978     0.46715           0 
  -0.549912     0.34741   -0.531054   -0.343415     1.08097 -0.00399469     1.09356   -0.214345    -1.09969   -0.252797    0.006138    0.467142           0 
  -0.530651    0.343313   -0.550313   -0.347519     1.08096  0.00420595     1.09978   -0.252425    -1.09343   -0.214717 -0.00635437    0.467142           0 
  -0.511364    0.338565    -0.56938   -0.350943     1.08074   0.0123787     1.10413   -0.290274    -1.08531   -0.176876  -0.0188145     0.46715           0 
  -0.492061    0.333169   -0.588246   -0.353702     1.08031   0.0205334     1.10665    -0.32774    -1.07537   -0.139425  -0.0312772    0.467165           0 
  -0.472749    0.327129   -0.606903   -0.355809     1.07965   0.0286798     1.10741   -0.364678    -1.06363   -0.102507  -0.0437775    0.467185           0 
  -0.453437     0.32045   -0.625343   -0.357277     1.07878   0.0368276      1.1065   -0.400949    -1.05015  -0.0662591    -0.05635    0.467208           0 
   -0.43413    0.313134   -0.643556   -0.358121     1.07769   0.0449865     1.10402   -0.436425    -1.03499  -0.0308058    -0.06903     0.46723           0 
  -0.414831    0.305187   -0.661534   -0.358353     1.07637   0.0531659     1.10008   -0.470984    -1.01823  0.00373696  -0.0818529    0.467247           0 
  -0.395545    0.296613   -0.679269   -0.357988     1.07481   0.0613749      1.0948   -0.504515   -0.999942   0.0372642   -0.094855    0.467251           0 
  -0.376273    0.287416   -0.696751   -0.357038     1.07302   0.0696224      1.0883   -0.536919   -0.980223   0.0696819   -0.108073    0.467237           0 
  -0.357016    0.277601   -0.713971   -0.355518     1.07099   0.0779168     1.08072   -0.568102   -0.959171    0.100907   -0.121545    0.467195           0 
  -0.337774    0.267174   -0.730918    -0.35344     1.06869   0.0862659      1.0722   -0.597983   -0.936889    0.130867   -0.135308    0.467116           0 
  -0.318546    0.256141   -0.747584   -0.350818     1.06613   0.0946771     1.06289   -0.626489   -0.913487    0.159502   -0.149404    0.466987           0 
   -0.29933    0.244509   -0.763956   -0.347666     1.06329    0.103157     1.05295   -0.653556   -0.889078    0.186761   -0.163871    0.466795           0 
  -0.280124    0.232287   -0.780023   -0.343998     1.06015    0.111711     1.04253   -0.679128   -0.863777    0.212606   -0.178753    0.466522           0 
  -0.260926    0.219486   -0.795772   -0.339829      1.0567    0.120343     1.03179   -0.703157   -0.837702    0.237008    -0.19409    0.466149           0 
  -0.241731    0.206117   -0.811191   -0.335174     1.05292    0.129057      1.0209   -0.725602   -0.810973    0.259949   -0.209926    0.465654           0 
  -0.222536    0.192195   -0.826264   -0.330049      1.0488    0.137854     1.01001    -0.74643   -0.783708    0.281421   -0.226304    0.465009           0 
  -0.203336    0.177736   -0.840979   -0.324471     1.04431    0.146735    0.999293    -0.76561   -0.756026    0.301426   -0.243267    0.464184           0 
  -0.184128    0.162763   -0.855318   -0.318458     1.03945    0.155696    0.988903   -0.783121   -0.728046    0.319977   -0.260857    0.463145           0 
  -0.164905    0.147297   -0.869268   -0.312031     1.03417    0.164734    0.978998   -0.798943   -0.699882    0.337093   -0.279117    0.461851           0 
  -0.145663    0.131367   -0.882812    -0.30521     1.02847    0.173842    0.969731   -0.813061   -0.671646    0.352805   -0.298085    0.460256           0 
  -0.126396    0.115005   -0.895935   -0.298017     1.02233    0.183012    0.961245   -0.825462   -0.643446    0.367152   -0.317798     0.45831           0 
  -0.107098   0.0982457   -0.908622   -0.290476     1.01572     0.19223    0.953676   -0.836135   -0.615386     0.38018    -0.33829    0.455955           0 
  -0.087761   0.0811287   -0.920861   -0.282612     1.00862    0.201483     0.94715   -0.845069    -0.58756    0.391942    -0.35959    0.453127           0 
 -0.0683791   0.0636977   -0.932637   -0.274451     1.00102    0.210753    0.941779   -0.852255   -0.560059    0.402499    -0.38172    0.449756           0 
 -0.0489447   0.0460004    -0.94394    -0.26602    0.992885     0.22002    0.937658    -0.85768   -0.532962    0.411916   -0.404696    0.445764           0 
 -0.0294498   0.0280878   -0.954761   -0.257347    0.984211     0.22926    0.934869    -0.86133   -0.506343    0.420262   -0.428526    0.441068           0 
-0.00988666   0.0100142   -0.965092   -0.248461    0.974978    0.238447    0.933472   -0.863191   -0.480263    0.427611   -0.453208     0.43558           0 
 0.00975236 -0.00816305   -0.974927   -0.239388    0.965175    0.247551    0.933506   -0.863242   -0.454777    0.434037   -0.478728    0.429205           0 
  0.0294745  -0.0263842   -0.984265   -0.230159    0.954791    0.256543     0.93499   -0.861461   -0.429929    0.439617   -0.505061    0.421844           0 
  0.0492861  -0.0445876   -0.993105     -0.2208    0.943819    0.265387    0.937918   -0.857823   -0.405753    0.444425   -0.532166    0.413398           0 
  0.0691922    -0.06271    -1.00145   -0.211339    0.932255    0.274049    0.942261     -0.8523   -0.382274    0.448536   -0.559987    0.403764           0 
  0.0891963  -0.0806874     -1.0093   -0.201802      0.9201    0.282489    0.947963   -0.844863    -0.35951    0.452022   -0.588454    0.392841           0 
   0.109299  -0.0984556    -1.01666   -0.192214    0.907359     0.29067    0.954945   -0.835484   -0.337469    0.454952   -0.617476    0.380532           0 
     0.1295   -0.115951    -1.02354     -0.1826    0.894041     0.29855    0.963102   -0.824138   -0.316154    0.457393   -0.646948    0.366746           0 
   0.149796    -0.13311    -1.02995   -0.172981    0.880158    0.306092    0.972305   -0.810805   -0.295559    0.459405   -0.676746    0.351401           0 
   0.170178   -0.149874    -1.03591   -0.163379    0.865731    0.313254    0.982405   -0.795472   -0.275674    0.461045   -0.706731    0.334427           0 
   0.190638   -0.166185    -1.04142   -0.153813     0.85078    0.319998    0.993231   -0.778136   -0.256482    0.462367   -0.736749    0.315769           0 
   0.211163   -0.181988     -1.0465   -0.144299    0.835333    0.326287      1.0046   -0.758806   -0.237962    0.463418   -0.766633    0.295388           0 
    0.23174   -0.197236    -1.05116   -0.134852    0.819418    0.332088      1.0163   -0.737507    -0.22009    0.464241   -0.796208    0.273267           0 
   0.252351   -0.211883    -1.05542   -0.125484    0.803069    0.337367     1.02813    -0.71428   -0.202835    0.464874   -0.825294    0.249406           0 
   0.272979   -0.225893     -1.0593   -0.116204    0.786319    0.342097     1.03987    -0.68918   -0.186167    0.465351   -0.853708    0.223829           0 
   0.293605   -0.239232    -1.06281   -0.107021    0.769204    0.346253     1.05132   -0.662282   -0.170051    0.465702   -0.881268     0.19658           0 
   0.314211   -0.251876    -1.06597   -0.097938     0.75176    0.349814     1.06225   -0.633676    -0.15445    0.465953   -0.907801    0.167724           0 
   0.334779   -0.263802     -1.0688  -0.0889588    0.734021    0.352761     1.07247    -0.60347   -0.139327    0.466124   -0.933141    0.137346           0 
   0.355289   -0.274998    -1.07131  -0.0800834    0.716022    0.355082     1.08178   -0.571783   -0.124644    0.466235   -0.957133    0.105548           0 
   0.375725   -0.285453    -1.07352  -0.0713103    0.697796    0.356764        1.09   -0.538749   -0.110361    0.466301   -0.979639    0.072448           0 
   0.396071   -0.295164    -1.07544  -0.0626359    0.679372    0.357799     1.09698   -0.504513  -0.0964386    0.466336    -1.00054   0.0381775           0 
   0.416312   -0.304128    -1.07709  -0.0540556     0.66078    0.358183     1.10256   -0.469228  -0.0828377    0.466349    -1.01972  0.00287912           0 
   0.436434   -0.312349    -1.07848  -0.0455632    0.642045    0.357912     1.10662   -0.433053  -0.0695195    0.466349    -1.03711  -0.0332957           0 
   0.456424   -0.319831    -1.07961  -0.0371515     0.62319    0.356983     1.10907   -0.396154  -0.0564455    0.466343    -1.05262  -0.0701889           0 
    0.47627   -0.326584    -1.08051  -0.0288125    0.604238    0.355396     1.10981   -0.358698  -0.0435782    0.466336    -1.06623   -0.107638           0 
   0.495962   -0.332616    -1.08117  -0.0205378    0.585207    0.353153     1.10877   -0.320853  -0.0308807    0.466332    -1.07789   -0.145478           0 
   0.515488   -0.337937     -1.0816  -0.0123182    0.566114    0.350255     1.10592   -0.282789  -0.0183165    0.466333     -1.0876   -0.183545           0 
    0.53484   -0.342561    -1.08181 -0.00414422    0.546974    0.346705     1.10122    -0.24467 -0.00585021    0.466343    -1.09537   -0.221673           0 
   0.554007   -0.346498    -1.08181  0.00399359      0.5278    0.342505     1.09467   -0.206658  0.00655345     0.46636    -1.10122   -0.259702           0 
   0.572981   -0.349763    -1.08159    0.012105    0.508605    0.337658     1.08627   -0.168909   0.0189291    0.466385     -1.1052   -0.297476           0 
   0.591754   -0.352369    -1.08115   0.0201998    0.489396    0.332169     1.07605   -0.131573   0.0313113    0.466416    -1.10737   -0.334843           0 
   0.610316   -0.354329     -1.0805   0.0282878    0.470183    0.326041     1.06405  -0.0947929   0.0437344    0.466453    -1.10779    -0.37166           0 
    0.62866   -0.355657    -1.07963   0.0363785    0.450973    0.319279     1.05032  -0.0587006   0.0562327    0.466492    -1.10656   -0.407791           0 
   0.646777   -0.356366    -1.07855   0.0444816     0.43177    0.311885     1.03493  -0.0234201   0.0688411    0.466529    -1.10377   -0.443109           0 
   0.664659    -0.35647    -1.07724   0.0526063    0.412579    0.303864     1.01794   0.0109349   0.0815946     0.46656    -1.09954   -0.477495           0 
   0.682296   -0.355982     -1.0757   0.0607618    0.393403    0.295221    0.999448   0.0442615   0.0945289    0.466578    -1.09398    -0.51084           0 
   0.699681   -0.354916    -1.07392   0.0689568    0.374243     0.28596    0.979538   0.0764678    0.107681    0.466577    -1.08722   -0.543045           0 
   0.716804   -0.353285     -1.0719   0.0771997      0.3551    0.276085    0.958312    0.107473    0.121087    0.466549     -1.0794   -0.574021           0 
   0.733656   -0.351102    -1.06963   0.0854984    0.335973    0.265604    0.935874    0.137207    0.134786    0.466482    -1.07066   -0.603688           0 
   0.750226   -0.348381    -1.06709   0.0938601    0.316862    0.254521    0.912332     0.16561    0.148816    0.466365    -1.06115   -0.631975           0 
   0.766504   -0.345134    -1.06427    0.102291    0.297764    0.242843      0.8878    0.192636    0.163219    0.466184    -1.05102    -0.65882           0 
   0.782478   -0.341377    -1.06116    0.110798    0.278678     0.23058    0.862392    0.218246    0.178035    0.465922    -1.04043   -0.684168           0 
   0.798136   -0.337123    -1.05773    0.119383    0.259598     0.21774    0.836225    0.242415    0.193307     0.46556    -1.02953   -0.707974           0 
   0.813465   -0.332388    -1.05399    0.128052    0.240523    0.204336    0.809417    0.265125    0.209076    0.465074    -1.01849   -0.730199           0 
   0.828452   -0.327187     -1.0499    0.136805    0.221447    0.190382    0.782086     0.28637    0.225385     0.46444    -1.00747    -0.75081           0 
   0.843081   -0.321537    -1.04545    0.145643    0.202366    0.175894     0.75435    0.306154    0.242278    0.463625   -0.996628   -0.769779           0 
    0.85734   -0.315456    -1.04061    0.154563    0.183275    0.160893    0.726325    0.324489    0.259797    0.462596   -0.986122   -0.787086           0 
   0.871212   -0.308963    -1.03538    0.163562    0.164168      0.1454    0.698124    0.341398    0.277983    0.461313   -0.976107   -0.802711           0 
   0.884682   -0.302078    -1.02972    0.172634    0.145039    0.129444    0.669857    0.356911    0.296876     0.45973   -0.966734   -0.816641           0 
   0.897736   -0.294824    -1.02362     0.18177    0.125882    0.113054    0.641631    0.371066    0.316514    0.457796   -0.958145   -0.828863           0 
   0.910358   -0.287223    -1.01705    0.190958     0.10669   0.0962651    0.613546    0.383912    0.336929    0.455455   -0.950475   -0.839367           0 
   0.922536   -0.279299    -1.00999    0.200183   0.0874549   0.0791157    0.585696    0.395501    0.358152    0.452641   -0.943848   -0.848142           0 
   0.934257   -0.271079    -1.00243     0.20943   0.0681695   0.0616482    0.558169    0.405894    0.380205    0.449286   -0.938374   -0.855179           0 
    0.94551   -0.262588   -0.994335    0.218679   0.0488253   0.0439091    0.531044    0.415154    0.403107    0.445311   -0.934151   -0.860466           0 
   0.956285   -0.253853   -0.985699    0.227905   0.0294138   0.0259483    0.504392    0.423353    0.426864    0.440635   -0.931257   -0.863987           0 
   0.966575   -0.244903   -0.976502    0.237083  0.00992626  0.00781927    0.478275    0.430561    0.451478    0.435166   -0.929753   -0.865728           0 
   0.976375   -0.235764   -0.966729    0.246186 -0.00964584  -0.0104217    0.452746    0.436854    0.476934    0.428812    -0.92968   -0.865666           0 
   0.985681   -0.226465   -0.956371     0.25518  -0.0293105  -0.0287157    0.427847    0.442306     0.50321    0.421474   -0.931057   -0.863779           0 
   0.994492   -0.217032   -0.945417    0.264034  -0.0490748  -0.0470013    0.403613    0.446992    0.530266    0.413049   -0.933879    -0.86004           0 
    1.00281   -0.207494   -0.933865     0.27271  -0.0689445  -0.0652157     0.38007    0.450986    0.558047    0.403434   -0.938117    -0.85442           0 
    1.01064   -0.197875   -0.921713     0.28117  -0.0889237  -0.0832949    0.357234    0.454359    0.586485    0.392529   -0.943719   -0.846888           0 
    1.01798   -0.188202   -0.908964    0.289376   -0.109014   -0.101174    0.335116    0.457181    0.615489    0.380234   -0.950605   -0.837415           0 
    1.02484   -0.178497   -0.895627    0.297287   -0.129215   -0.118789    0.313717    0.459516    0.644955    0.366456   -0.958672   -0.825973           0 
    1.03124   -0.168785   -0.881713    0.304862   -0.149522   -0.136077    0.293033    0.461427    0.674759    0.351113   -0.967791   -0.812539           0 
    1.03717   -0.159085   -0.867242     0.31206    -0.16993   -0.152975    0.273053    0.462969    0.704761    0.334132   -0.977814     -0.7971           0 
    1.04266   -0.149416   -0.852234    0.318842   -0.190428   -0.169425    0.253762    0.464195    0.734806    0.315457   -0.988568   -0.779651           0 
    1.04772   -0.139797   -0.836715     0.32517   -0.211003   -0.185373    0.235141    0.465153    0.764726    0.295048   -0.999867   -0.760201           0 
    1.05236   -0.130242   -0.820716    0.331008   -0.231641   -0.200766    0.217163    0.465885    0.794345    0.272887    -1.01151   -0.738772           0 
    1.05659   -0.120764   -0.804269    0.336323   -0.252325   -0.215559    0.199802    0.466431    0.823479    0.248974    -1.02328   -0.715405           0 
    1.06044   -0.111372   -0.787408    0.341085   -0.273036   -0.229713    0.183025    0.466824    0.851943    0.223333    -1.03497   -0.690157           0 
    1.06392   -0.102076   -0.770169    0.345269   -0.293755   -0.243193    0.166799    0.467094    0.879554    0.196008    -1.04635   -0.663101           0 
    1.06705  -0.0928788    -0.75259    0.348851   -0.314461   -0.255973    0.151087    0.467265    0.906134    0.167066    -1.05722   -0.634331           0 
    1.06984   -0.083785   -0.734706    0.351815   -0.335136    -0.26803    0.135853     0.46736    0.931515    0.136594    -1.06737   -0.603954           0 
    1.07231  -0.0747949   -0.716552    0.354144   -0.355759   -0.279349    0.121058    0.467397    0.955542    0.104695     -1.0766   -0.572093           0 
    1.07448  -0.0659072   -0.698162    0.355826   -0.376313   -0.289919    0.106662    0.467392    0.978073   0.0714903    -1.08474   -0.538883           0 
    1.07635  -0.0571187   -0.679568    0.356854   -0.396781   -0.299736   0.0926257    0.467358    0.998986   0.0371133    -1.09161   -0.504471           0 
    1.07794  -0.0484247   -0.660797    0.357222   -0.417146   -0.308797   0.0789099    0.467304     1.01817  0.00170933    -1.09708   -0.469014           0 
    1.07927  -0.0398191   -0.641879    0.356924   -0.437393   -0.317105   0.0654753     0.46724     1.03555  -0.0345675    -1.10103   -0.432672           0 
    1.08035  -0.0312949   -0.622836    0.355961    -0.45751   -0.324666   0.0522831    0.467171     1.05105  -0.0715568    -1.10334   -0.395615           0 
    1.08117  -0.0228441    -0.60369     0.35433   -0.477483   -0.331486   0.0392953    0.467103     1.06463   -0.109094    -1.10392    -0.35801           0 
    1.08176   -0.014458   -0.584462    0.352034   -0.497301   -0.337576   0.0264743     0.46704     1.07626   -0.147011    -1.10273   -0.320028           0 
    1.08212 -0.00612744   -0.565169    0.349073   -0.516953   -0.342945   0.0137833    0.466983     1.08592   -0.185143    -1.09971    -0.28184           0 
    1.08226  0.00215708   -0.545827     0.34545   -0.536429   -0.347607  0.00118598    0.466935     1.09365   -0.223323    -1.09483   -0.243612           0 
    1.08217   0.0104053   -0.526447    0.341169   -0.555718   -0.351574  -0.0113534    0.466895     1.09945   -0.261389    -1.08809   -0.205507           0 
    1.08186    0.018627   -0.507043    0.336232   -0.574812   -0.354859  -0.0238701    0.466863     1.10337   -0.299183     -1.0795   -0.167681           0 
    1.08133   0.0268322   -0.487624    0.330643   -0.593702   -0.357475  -0.0363996    0.466839     1.10549   -0.336554    -1.06909   -0.130285           0 
    1.08058   0.0350307   -0.468199    0.324407   -0.612378   -0.359437  -0.0489768    0.466818     1.10586   -0.373358    -1.05689  -0.0934605           0 
    1.07961   0.0432321   -0.448774    0.317526   -0.630831   -0.360759   -0.061637    0.466799     1.10459   -0.409457    -1.04295  -0.0573419           0 
    1.07841   0.0514463   -0.429354    0.310007   -0.649054   -0.361453  -0.0744158    0.466777     1.10177   -0.444724    -1.02736  -0.0220524           0 
    1.07698   0.0596825   -0.409945    0.301852   -0.667037   -0.361534  -0.0873491    0.466746     1.09752   -0.479041    -1.01017   0.0122947           0 
    1.07532   0.0679497   -0.390548    0.293066   -0.684771   -0.361016   -0.100474    0.466701     1.09195   -0.512298   -0.991476   0.0455967           0 
    1.07341   0.0762568   -0.371165    0.283655   -0.702247   -0.359912   -0.113826    0.466633      1.0852   -0.544395   -0.971374   0.0777619           0 
    1.07125    0.084612   -0.351798    0.273624   -0.719455   -0.358236   -0.127446    0.466534     1.07741   -0.575243   -0.949963     0.10871           0 
    1.06883   0.0930229   -0.332447    0.262978   -0.736384   -0.356001   -0.141371    0.466391     1.06872   -0.604762    -0.92735    0.138371           0 
    1.06613    0.101497   -0.313109    0.251726   -0.753024   -0.353222   -0.155642    0.466193     1.05929    -0.63288   -0.903644    0.166687           0 
    1.06315    0.110039   -0.293784    0.239874   -0.769363   -0.349913   -0.170299    0.465924     1.04926   -0.659535    -0.87896    0.193611           0 
    1.05986    0.118655   -0.274469    0.227432    -0.78539   -0.346087   -0.185385    0.465565      1.0388   -0.684671   -0.853416    0.219106           0 
    1.05625    0.127349   -0.255161    0.214412    -0.80109   -0.341761   -0.200941    0.465097     1.02807   -0.708244   -0.827132    0.243147           0 
    1.05231    0.136124   -0.235858    0.200827   -0.816451    -0.33695   -0.217011    0.464494     1.01724   -0.730212   -0.800226    0.265718           0 
    1.04801    0.144979   -0.216554    0.186692   -0.831458   -0.331671   -0.233638    0.463728     1.00646   -0.750543   -0.772819    0.286815           0 
    1.04334    0.153915   -0.197246    0.172027   -0.846095   -0.325942   -0.250864    0.462767    0.995896    -0.76921   -0.745032    0.306443           0 
    1.03828    0.162927   -0.177929    0.156854   -0.860348   -0.319781   -0.268732    0.461574    0.985713   -0.786189   -0.716981    0.324615           0 
     1.0328    0.172012   -0.158599    0.141198   -0.874202    -0.31321   -0.287282    0.460106    0.976064   -0.801464   -0.688782    0.341357           0 
    1.02689    0.181161   -0.139249    0.125088   -0.887639    -0.30625   -0.306552    0.458316    0.967099   -0.815018   -0.660547    0.356701           0 
    1.02052    0.190364   -0.119874    0.108559   -0.900647   -0.298923   -0.326578     0.45615     0.95896    -0.82684   -0.632381     0.37069           0 
    1.01368    0.199608   -0.100468   0.0916468   -0.913209   -0.291255   -0.347391    0.453547    0.951779   -0.836918   -0.604387    0.383371           0 
    1.00634    0.208878  -0.0810232   0.0743935   -0.925313   -0.283271   -0.369018    0.450441    0.945677   -0.845243   -0.576659    0.394801           0 
    0.99848    0.218154  -0.0615326   0.0568443   -0.936947   -0.274998   -0.391478    0.446759     0.94076   -0.851803   -0.549282    0.405043           0 
   0.990089    0.227415  -0.0419884   0.0390483     -0.9481   -0.266463   -0.414784    0.442422    0.937119   -0.856586   -0.522336    0.414164           0 
   0.981148    0.236636  -0.0223827   0.0210579   -0.958765   -0.257694   -0.438939    0.437343    0.934827   -0.859578   -0.495888    0.422235           0 
   0.971642    0.245791 -0.00270722   0.0029286   -0.968935   -0.248719   -0.463938    0.431431    0.933937   -0.860762   -0.469999    0.429331           0 
   0.961559    0.254849   0.0170458  -0.0152814   -0.978605   -0.239568   -0.489761    0.424592     0.93448   -0.860118   -0.444719    0.435526           0 
   0.950891    0.263779   0.0368837  -0.0335117   -0.987774   -0.230267   -0.516378    0.416724    0.936466   -0.857622   -0.420087    0.440898           0 
    0.93963    0.272545   0.0568127     -0.0517   -0.996443   -0.220845   -0.543743    0.407727    0.939879   -0.853248   -0.396136    0.445521           0 
   0.927776    0.281111   0.0768379  -0.0697831    -1.00461   -0.211328   -0.571794    0.397499     0.94468   -0.846969   -0.372887    0.449469           0 
   0.915329    0.289439   0.0969621  -0.0876967    -1.01229   -0.201742   -0.600452    0.385941    0.950806   -0.838755   -0.350353    0.452814           0 
   0.902296    0.297489    0.117186   -0.105377    -1.01948   -0.192112   -0.629623    0.372956    0.958166    -0.82858   -0.328542    0.455624           0 
   0.888688    0.305222    0.137508   -0.122761     -1.0262   -0.182461   -0.659194    0.358457    0.966647   -0.816421   -0.307453    0.457964           0 
   0.874518    0.312597    0.157924   -0.139786    -1.03244   -0.172811   -0.689033    0.342366    0.976111   -0.802259   -0.287078    0.459893           0 
   0.859807    0.319575    0.178425   -0.156393    -1.03823   -0.163183   -0.718997    0.324619    0.986401   -0.786086   -0.267404    0.461468           0 
   0.844579    0.326118    0.199002   -0.172525    -1.04358   -0.153593   -0.748926    0.305166    0.997339   -0.767905   -0.248413    0.462739           0 
   0.828861     0.33219    0.219641   -0.188132     -1.0485   -0.144059   -0.778649    0.283978     1.00873    -0.74773   -0.230083    0.463752           0 
   0.812684    0.337757    0.240327   -0.203164    -1.05301   -0.134593   -0.807989    0.261042     1.02038   -0.725592   -0.212388     0.46455           0 
    0.79608    0.342787    0.261044    -0.21758    -1.05712   -0.125208   -0.836763    0.236371     1.03206   -0.701539   -0.195296    0.465168           0 
   0.779085    0.347255    0.281772   -0.231343    -1.06086   -0.115912   -0.864787    0.209994     1.04356   -0.675635   -0.178777     0.46564           0 
   0.761735    0.351135    0.302493   -0.244423    -1.06423   -0.106712   -0.891883    0.181967     1.05468   -0.647961   -0.162794    0.465994           0 
   0.744066    0.354407    0.323188   -0.256796    -1.06725  -0.0976114   -0.917878    0.152362     1.06519   -0.618616   -0.147311    0.466254           0 
   0.726112    0.357056    0.343838   -0.268443    -1.06995  -0.0886129   -0.942609    0.121273      1.0749   -0.587714   -0.132289    0.466441           0 
   0.707907    0.359067    0.364425   -0.279351    -1.07233   -0.079716    -0.96593     0.08881     1.08362   -0.555382   -0.117691    0.466572           0 
   0.689485    0.360431    0.384932   -0.289513    -1.07442  -0.0709184   -0.987705   0.0550973     1.09118    -0.52176   -0.103477    0.466662           0 
   0.670874     0.36114    0.405342   -0.298924    -1.07622  -0.0622164    -1.00782   0.0202729     1.09743   -0.486997  -0.0896068    0.466724           0 
   0.652102     0.36119    0.425641   -0.307585    -1.07774  -0.0536048    -1.02618  -0.0155151     1.10222   -0.451252  -0.0760418    0.466768           0 
   0.633196    0.360577    0.445814     -0.3155    -1.07901   -0.045077     -1.0427   -0.052111     1.10544   -0.414689  -0.0627429      0.4668           0 
   0.614179    0.359301    0.465849   -0.322675    -1.08003  -0.0366256    -1.05732  -0.0893531       1.107   -0.377475  -0.0496721    0.466828           0 
    0.59507    0.357361    0.485733   -0.329118     -1.0808  -0.0282425    -1.07002   -0.127077     1.10681    -0.33978  -0.0367915    0.466857           0 
   0.575889    0.354758    0.505457   -0.334839    -1.08135  -0.0199189    -1.08076   -0.165115     1.10482   -0.301775  -0.0240642    0.466889           0 
   0.556652    0.351495    0.525008    -0.33985    -1.08166  -0.0116454    -1.08954   -0.203302       1.101   -0.263626  -0.0114539    0.466928           0 
   0.537374    0.347575    0.544378   -0.344162    -1.08175  -0.0034126    -1.09639   -0.241474     1.09532   -0.225501  0.00107535    0.466975           0 
   0.518066       0.343    0.563557   -0.347789    -1.08162  0.00478923    -1.10134   -0.279472     1.08778   -0.187558   0.0135589     0.46703           0 
   0.498741    0.337773    0.582536   -0.350743    -1.08128   0.0129699    -1.10444   -0.317139     1.07841   -0.149953   0.0260317    0.467093           0 
   0.479407      0.3319    0.601306   -0.353039    -1.08071   0.0211393    -1.10575   -0.354328     1.06722   -0.112833   0.0385289    0.467161           0 
   0.460071    0.325382    0.619858   -0.354689    -1.07993   0.0293072    -1.10536   -0.390898     1.05427  -0.0763362   0.0510853    0.467234           0 
   0.440741    0.318225    0.638184   -0.355709    -1.07893   0.0374832    -1.10336   -0.426715     1.03962  -0.0405924   0.0637361    0.467308           0 
    0.42142    0.310433    0.656276    -0.35611     -1.0777    0.045677    -1.09985   -0.461657     1.02333 -0.00572137   0.0765168    0.467378           0 
   0.402113     0.30201    0.674123   -0.355908    -1.07624   0.0538978    -1.09495   -0.495608     1.00549   0.0281678   0.0894633     0.46744           0 
   0.382822     0.29296    0.691719   -0.355115    -1.07454   0.0621547    -1.08879   -0.528463     0.98618   0.0609766    0.102612    0.467487           0 
   0.363549    0.283289    0.709052   -0.353745     -1.0726   0.0704562     -1.0815   -0.560129      0.9655   0.0926177    0.116002    0.467511           0 
   0.344293    0.273001    0.726114   -0.351812    -1.07041   0.0788106    -1.07322   -0.590518    0.943552    0.123015    0.129669    0.467503           0 
   0.325054    0.262103    0.742894   -0.349328    -1.06795   0.0872254     -1.0641   -0.619554    0.920444    0.152103    0.143655    0.467451           0 
    0.30583    0.250602    0.759382   -0.346309    -1.06521   0.0957073    -1.05429   -0.647171    0.896288    0.179829    0.157999    0.467342           0 
   0.286621    0.238506    0.775565   -0.342768    -1.06219    0.104262    -1.04394    -0.67331    0.871198    0.206148    0.172742    0.467162           0 
   0.267422    0.225824    0.791432    -0.33872    -1.05885    0.112896    -1.03322    -0.69792    0.845294    0.231029    0.187927     0.46689           0 
   0.248231    0.212569    0.806969   -0.334179     -1.0552     0.12161    -1.02229   -0.720958    0.818692     0.25445    0.203597    0.466507           0 
   0.229045    0.198753    0.822162   -0.329162    -1.05121    0.130409    -1.01131   -0.742387    0.791515      0.2764    0.219794    0.465987           0 
   0.209858    0.184394    0.836998   -0.323686    -1.04686    0.139292    -1.00044   -0.762177    0.763881    0.296876    0.236563    0.465301           0 
   0.190668    0.169511     0.85146   -0.317769    -1.04213    0.148259   -0.989855   -0.780303    0.735909    0.315888    0.253946    0.464416           0 
   0.171469    0.154126    0.865534    -0.31143      -1.037    0.157305   -0.979701   -0.796746    0.707716    0.333453    0.271985    0.463294           0 
   0.152255    0.138266    0.879204   -0.304691    -1.03146    0.166424   -0.970136   -0.811489    0.679416    0.349598     0.29072    0.461891           0 
   0.133022    0.121962    0.892455   -0.297572    -1.02548     0.17561    -0.96131   -0.824518    0.651119     0.36436    0.310191    0.460159           0 
   0.113764    0.105248    0.905271   -0.290098    -1.01903     0.18485   -0.953361   -0.835823     0.62293    0.377782    0.330431    0.458041           0 
  0.0944734   0.0881625    0.917638   -0.282293    -1.01211    0.194131   -0.946419   -0.845393    0.594947    0.389916    0.351472    0.455478           0 
  0.0751441   0.0707481    0.929544   -0.274184    -1.00469    0.203436   -0.940602    -0.85322    0.567264     0.40082    0.373338      0.4524           0 
  0.0557686   0.0530515    0.940977   -0.265797   -0.996745    0.212746   -0.936013   -0.859291    0.539965    0.410559    0.396048    0.448732           0 
  0.0363395   0.0351229    0.951926   -0.257161   -0.988266    0.222039   -0.932737   -0.863595    0.513124      0.4192    0.419613    0.444395           0 
  0.0168488   0.0170159    0.962384   -0.248304   -0.979233    0.231288   -0.930843   -0.866118    0.486809    0.426818    0.444035    0.439301           0 
-0.00271114 -0.00121271    0.972346   -0.239255   -0.969635    0.240467   -0.930378   -0.866842    0.461075    0.433485    0.469303    0.433356           0 
 -0.0223478  -0.0195038    0.981807   -0.230041    -0.95946    0.249545   -0.931368   -0.865745    0.435971    0.439279    0.495397    0.426466           0 
 -0.0420678  -0.0377962    0.990767   -0.220691     -0.9487    0.258488   -0.933816   -0.862805    0.411534    0.444276    0.522281    0.418528           0 
 -0.0618769  -0.0560268    0.999227   -0.211234    -0.93735    0.267261     -0.9377   -0.857994    0.387793    0.448551    0.549907    0.409442           0 
 -0.0817791   -0.074132     1.00719   -0.201695   -0.925411    0.275827   -0.942974   -0.851284    0.364767    0.452177    0.578207    0.399107           0 
  -0.101777  -0.0920473     1.01466   -0.192101   -0.912886    0.284148   -0.949566   -0.842648    0.342467    0.455225      0.6071    0.387423           0 
  -0.121869   -0.109709     1.02165   -0.182476   -0.899781    0.292185   -0.957382   -0.832058    0.320897    0.457762    0.636484    0.374296           0 
  -0.142055   -0.127054     1.02816   -0.172842    -0.88611    0.299896   -0.966299   -0.819493    0.300055    0.459851    0.666244    0.359642           0 
  -0.162327   -0.144022     1.03422   -0.163222   -0.871889    0.307244   -0.976176   -0.804937     0.27993    0.461552    0.696246    0.343386           0 
  -0.182678   -0.160555     1.03982   -0.153634   -0.857139    0.314189   -0.986848   -0.788383    0.260508    0.462917    0.726339    0.325466           0 
  -0.203096   -0.176597     1.04498   -0.144096   -0.841886    0.320693   -0.998134   -0.769836     0.24177    0.463998    0.756365    0.305838           0 
  -0.223569   -0.192099     1.04973   -0.134624   -0.826156    0.326723    -1.00984   -0.749314    0.223689    0.464838    0.786149    0.284476           0 
  -0.244082   -0.207015     1.05406   -0.125229   -0.809983    0.332244    -1.02175   -0.726851    0.206239    0.465478    0.815514    0.261373           0 
  -0.264616   -0.221305     1.05802   -0.115923   -0.793399    0.337228    -1.03367   -0.702496    0.189389    0.465952    0.844279    0.236544           0 
  -0.285155   -0.234937     1.06159   -0.106713   -0.776439    0.341649    -1.04536   -0.676317    0.173104    0.466292    0.872261    0.210024           0 
  -0.305681   -0.247881     1.06482  -0.0976044   -0.759138    0.345485    -1.05663   -0.648396    0.157348    0.466524    0.899284    0.181872           0 
  -0.326175   -0.260116     1.06771  -0.0886008   -0.741532    0.348717    -1.06726   -0.618835    0.142085    0.466672     0.92518    0.152163           0 
  -0.346619   -0.271626     1.07027  -0.0797028   -0.723654    0.351329    -1.07706   -0.587747    0.127274    0.466754    0.949789    0.120993           0 
  -0.366996     -0.2824     1.07253  -0.0709094   -0.705538     0.35331    -1.08585   -0.555259    0.112879    0.466788    0.972969   0.0884719           0 
  -0.387291   -0.292432      1.0745  -0.0622177   -0.687214     0.35465    -1.09345   -0.521513   0.0988575    0.466786    0.994589   0.0547265           0 
  -0.407487    -0.30172      1.0762  -0.0536232   -0.668711    0.355344    -1.09971   -0.486655   0.0851718    0.466761     1.01454   0.0198943           0 
  -0.427572   -0.310266     1.07763  -0.0451201   -0.650055    0.355386    -1.10451   -0.450843   0.0717826     0.46672     1.03272  -0.0158773           0 
  -0.447532   -0.318073      1.0788  -0.0367015   -0.631271    0.354774    -1.10772   -0.414239   0.0586514    0.466672     1.04907  -0.0524334           0 
  -0.467355   -0.325149     1.07974  -0.0283595    -0.61238    0.353509    -1.10927   -0.377009   0.0457402    0.466622     1.06353  -0.0896136           0 
  -0.487031   -0.331503     1.08043  -0.0200859   -0.593402    0.351589    -1.10906    -0.33932    0.033012    0.466574     1.07605   -0.127255           0 
  -0.506548   -0.337145      1.0809  -0.0118716   -0.574356    0.349017    -1.10706    -0.30134   0.0204303    0.466532     1.08663   -0.165191           0 
  -0.525897   -0.342086     1.08115 -0.00370725   -0.555255    0.345794    -1.10322   -0.263236  0.00795943    0.466496     1.09526    -0.20326           0 
  -0.545068    -0.34634     1.08118  0.00441658   -0.536114    0.341923    -1.09754   -0.225171 -0.00443583    0.466469     1.10197   -0.241298           0 
  -0.564053   -0.349917       1.081   0.0125096   -0.516945    0.337408       -1.09   -0.187302  -0.0167902     0.46645     1.10679   -0.279148           0 
  -0.582843   -0.352832      1.0806   0.0205816   -0.497758    0.332251    -1.08063   -0.149781   -0.029138    0.466438     1.10977   -0.316657           0 
  -0.601429   -0.355099     1.07999   0.0286423   -0.478562    0.326456    -1.06946   -0.112755  -0.0415135    0.466432     1.11098   -0.353677           0 
  -0.619803   -0.356729     1.07917   0.0367013   -0.459363    0.320028    -1.05654  -0.0763587   -0.053951    0.466428     1.11049    -0.39007           0 
  -0.637957   -0.357738     1.07813   0.0447682   -0.440168     0.31297    -1.04193  -0.0407203  -0.0664848    0.466425     1.10842   -0.425705           0 
  -0.655882   -0.358138     1.07686   0.0528524   -0.420981    0.305286     -1.0257 -0.00595739  -0.0791498    0.466417     1.10485   -0.460459           0 
   -0.67357   -0.357943     1.07538   0.0609631   -0.401806     0.29698    -1.00792   0.0278229  -0.0919813    0.466398      1.0999   -0.494221           0 
  -0.691013   -0.357166     1.07366   0.0691091   -0.382644    0.288057   -0.988686   0.0605241   -0.105015    0.466362      1.0937   -0.526887           0 
    -0.7082    -0.35582      1.0717   0.0772989   -0.363496    0.278521   -0.968095   0.0920608   -0.118288    0.466302     1.08638   -0.558363           0 
  -0.725124   -0.353918     1.06949   0.0855405   -0.344362    0.268378   -0.946248    0.122359   -0.131839    0.466207     1.07809   -0.588566           0 
  -0.741774   -0.351474     1.06702   0.0938414   -0.325243    0.257633   -0.923251    0.151354   -0.145704    0.466066     1.06896   -0.617421           0 
  -0.758139   -0.348501     1.06427    0.102208   -0.306134    0.246293   -0.899215    0.178995   -0.159925    0.465867     1.05914   -0.644862           0 
  -0.774209   -0.345013     1.06124    0.110647   -0.287036    0.234365   -0.874254     0.20524   -0.174542    0.465592      1.0488   -0.670832           0 
  -0.789972   -0.341022     1.05791    0.119163   -0.267943    0.221859   -0.848483    0.230056   -0.189596    0.465224     1.03808   -0.695281           0 
  -0.805414   -0.336545     1.05427     0.12776   -0.248853    0.208786    -0.82202    0.253425    -0.20513    0.464742     1.02715   -0.718167           0 
  -0.820524   -0.331597     1.05029    0.136439   -0.229762    0.195157   -0.794983    0.275335   -0.221186    0.464121     1.01617   -0.739455           0 
  -0.835287   -0.326193     1.04595    0.145203   -0.210665     0.18099   -0.767489    0.295784   -0.237807    0.463331      1.0053   -0.759116           0 
  -0.849688   -0.320351     1.04124    0.154049   -0.191557    0.166302   -0.739655    0.314783   -0.255035    0.462341     0.99469   -0.777124           0 
  -0.863712   -0.314089     1.03614    0.162974   -0.172432    0.151115   -0.711594    0.332348   -0.272914    0.461112    0.984508    -0.79346           0 
  -0.877345   -0.307427     1.03063    0.171974   -0.153286    0.135453   -0.683419    0.348506   -0.291482    0.459601    0.974901   -0.808108           0 
   -0.89057   -0.300386     1.02468     0.18104   -0.134112    0.119346   -0.655236    0.363294   -0.310779     0.45776    0.966015   -0.821054           0 
  -0.903375   -0.292988     1.01828    0.190163   -0.114903    0.102825    -0.62715    0.376753   -0.330838    0.455534    0.957988   -0.832287           0 
  -0.915743   -0.285257      1.0114    0.199328  -0.0956524   0.0859291   -0.599257    0.388934   -0.351693    0.452862    0.950949   -0.841797           0 
  -0.927663   -0.277218     1.00402    0.208521  -0.0763528   0.0686975   -0.571647    0.399895   -0.373367    0.449677    0.945014   -0.849572           0 
  -0.939122   -0.268897    0.996119    0.217722  -0.0569964   0.0511752   -0.544404    0.409697   -0.395882    0.445904    0.940286   -0.855601           0 
  -0.950111    -0.26032    0.987686    0.226909  -0.0375751   0.0334107   -0.517601    0.418409   -0.419249    0.441463     0.93685   -0.859871           0 
  -0.960619   -0.251515      0.9787    0.236059  -0.0180804    0.015456   -0.491306      0.4261   -0.443471    0.436266    0.934777   -0.862366           0 
  -0.970642   -0.242509    0.969147    0.245143  0.00149561 -0.00263385   -0.465574    0.432844   -0.468541    0.430223    0.934115   -0.863068           0 
  -0.980175   -0.233331    0.959014    0.254131   0.0211609  -0.0208007   -0.440453    0.438716   -0.494439    0.423236    0.934892   -0.861952           0 
  -0.989216   -0.224007    0.948293    0.262991   0.0409224  -0.0389844   -0.415982     0.44379   -0.521131    0.415205    0.937113   -0.858995           0 
  -0.997764   -0.214565    0.936978    0.271687   0.0607861  -0.0571225    -0.39219    0.448141   -0.548571    0.406027    0.940761   -0.854168           0 
   -1.00582   -0.205031    0.925065    0.280183   0.0807562  -0.0751514   -0.369098     0.45184   -0.576694      0.3956    0.945792    -0.84744           0 
   -1.01339   -0.195432    0.912558    0.288439    0.100835  -0.0930068   -0.346718    0.454958   -0.605419    0.383825    0.952138   -0.838783           0 
   -1.02049   -0.185791    0.899463    0.296415    0.121022   -0.110624   -0.325057    0.457562   -0.634648    0.370606    0.959705   -0.828168           0 
   -1.02711   -0.176132    0.885791    0.304072    0.141315    -0.12794   -0.304112    0.459713   -0.664263    0.355856    0.968375    -0.81557           0 
   -1.03326   -0.166476    0.871557    0.311368    0.161707   -0.144891   -0.283877    0.461472   -0.694132      0.3395    0.978009   -0.800972           0 
   -1.03897   -0.156844    0.856782    0.318263    0.182191   -0.161419   -0.264337    0.462892   -0.724105    0.321475    0.988442   -0.784366           0 
   -1.04424   -0.147253    0.841491     0.32472    0.202753   -0.177467   -0.245475    0.464022   -0.754021    0.301734    0.999496   -0.765756           0 
   -1.04909    -0.13772    0.825712    0.330702    0.223381   -0.192981   -0.227267    0.464908   -0.783705     0.28025     1.01097   -0.745158           0 
   -1.05353   -0.128258    0.809476    0.336174    0.244057   -0.207916   -0.209688    0.465591   -0.812978    0.257016     1.02267   -0.722607           0 
   -1.05758   -0.118879    0.792818    0.341107    0.264764   -0.222229   -0.192707    0.466104   -0.841655    0.232047     1.03436   -0.698151           0 
   -1.06125    -0.10959    0.775773    0.345473    0.285482   -0.235883   -0.176291    0.466481   -0.869551    0.205379     1.04584    -0.67186           0 
   -1.06457   -0.100399    0.758377    0.349249    0.306192    -0.24885   -0.160405    0.466748   -0.896488     0.17707     1.05689   -0.643817           0 
   -1.06754  -0.0913092    0.740667    0.352415    0.326874   -0.261106   -0.145012    0.466928   -0.922294    0.147197     1.06731   -0.614125           0 
   -1.07019  -0.0823223    0.722678    0.354954    0.347509   -0.272632   -0.130075    0.467042   -0.946808    0.115857     1.07688   -0.582899           0 
   -1.07252  -0.0734378    0.704443    0.356855    0.368078   -0.283417   -0.115553    0.467105   -0.969884   0.0831651     1.08544    -0.55027           0 
   -1.07456  -0.0646532    0.685995    0.358107    0.388565   -0.293454   -0.101408    0.467133   -0.991392   0.0492482      1.0928   -0.516381           0 
   -1.07632  -0.0559645    0.667364    0.358704    0.408953    -0.30274   -0.087601    0.467136    -1.01122   0.0142469     1.09882   -0.481383           0 
    -1.0778  -0.0473661    0.648577    0.358642    0.429227   -0.311275  -0.0740917    0.467124    -1.02927  -0.0216887     1.10336   -0.445435           0 
   -1.07903  -0.0388515     0.62966    0.357916    0.449374   -0.319065  -0.0608417    0.467104    -1.04547   -0.058401     1.10631   -0.408703           0 
   -1.08001  -0.0304129    0.610635    0.356528    0.469379   -0.326115  -0.0478127    0.467082    -1.05977  -0.0957275     1.10758   -0.371355           0 
   -1.08076  -0.0220421    0.591523    0.354477    0.489233   -0.332435  -0.0349672    0.467062    -1.07212   -0.133502     1.10709    -0.33356           0 
   -1.08127    -0.01373    0.572342    0.351764    0.508923   -0.338034  -0.0222682    0.467048    -1.08253   -0.171559     1.10479   -0.295489           0 
   -1.08155 -0.00546743    0.553108    0.348393     0.52844   -0.342925 -0.00967954    0.467041    -1.09098   -0.209732     1.10066   -0.257309           0 
   -1.08161  0.00275529    0.533834    0.344365    0.547774    -0.34712  0.00283464    0.467042     -1.0975   -0.247857     1.09466   -0.219185           0 
   -1.08145   0.0109479    0.514534    0.339684    0.566915   -0.350632   0.0153096    0.467051    -1.10212   -0.285776     1.08681   -0.181275           0 
   -1.08107   0.0191202    0.495217    0.334353    0.585855   -0.353474   0.0277804    0.467067    -1.10491   -0.323334     1.07713   -0.143734           0 
   -1.08048   0.0272821    0.475893    0.328377    0.604585   -0.355659   0.0402819     0.46709    -1.10592   -0.360384     1.06564   -0.106705           0 
   -1.07966   0.0354432    0.456569    0.321759    0.623095   -0.357203    0.052849    0.467115    -1.10525   -0.396788      1.0524  -0.0703272           0 
   -1.07863   0.0436134    0.437251    0.314504    0.641379   -0.358117   0.0655168    0.467139    -1.10299   -0.432413     1.03747  -0.0347268           0 
   -1.07737    0.051802    0.417943    0.306615    0.659426   -0.358417   0.0783207    0.467159    -1.09925   -0.467137     1.02093 -2.17322e-05           0 
   -1.07588   0.0600183    0.398649    0.298098    0.677229   -0.358116   0.0912969    0.467167    -1.09414   -0.500849     1.00284   0.0336811           0 
   -1.07415   0.0682712    0.379372    0.288956    0.694778   -0.357228    0.104482    0.467158    -1.08779   -0.533444    0.983304   0.0662857           0 
   -1.07218   0.0765692    0.360111    0.279196    0.712065   -0.355765    0.117913    0.467123    -1.08033    -0.56483    0.962419    0.097707           0 
   -1.06995   0.0849202    0.340868    0.268821    0.729078   -0.353741    0.131629    0.467052    -1.07192   -0.594923    0.940288    0.127871           0 
   -1.06787   0.0919864    0.324705    0.259632     0.74316   -0.351618    0.143408    0.466955    -1.06421   -0.619166      0.9208     0.15221           0 


