
The matrix A

     0.84     0.394     0.783     0.798 
    0.912     0.198     0.335     0.768 
    0.278     0.554     0.477     0.629 
    0.365     0.513     0.952     0.916 
    0.636     0.717     0.142     0.607 
   0.0163     0.243     0.137     0.804 


The matrix Q

    0.573         0     0.328         0 
    0.622         0         0     0.322 
    0.189     0.524    0.0588         0 
    0.249     0.397     0.663         0 
    0.433     0.449         0         0 
   0.0111     0.318         0     0.903 


As we can see R is upper triangular

     1.47     0.895      1.05      1.55 
        0     0.733     0.445     0.717 
        0         0     0.778     0.393 
        0         0         0     0.628 




-------QR=A--------

     0.84     0.394     0.783     0.798 
    0.912     0.198     0.335     0.768 
    0.278     0.554     0.477     0.629 
    0.365     0.513     0.952     0.916 
    0.636     0.717     0.142     0.607 
   0.0163     0.243     0.137     0.804 


----QTQ----

        1         0         0         0 
        0         1         0         0 
        0         0         1         0 
        0         0         0         1 




 Now for GS_solve, we generate a vector b
 and a new square matrix A

THe genereate A-matrix

    0.157     0.401      0.13     0.109     0.999 
    0.513     0.839     0.613     0.296     0.638 
    0.494     0.973     0.293     0.771     0.527 
      0.4     0.892     0.283     0.352     0.808 
   0.0698     0.949     0.526    0.0861     0.192 


vector b is 

0.218257
0.524287
0.769914
0.919026
0.663227


The Q-matrix

    0.188     0.103         0         0     0.876 
    0.615         0     0.754         0     0.021 
    0.592         0         0      0.66    0.0882 
     0.48     0.106         0         0         0 
   0.0836     0.963     0.227     0.116         0 


The R-matrix

    0.834      1.67     0.754     0.835      1.29 
        0     0.841     0.406     0.049     0.219 
        0         0     0.319         0         0 
        0         0         0     0.243         0 
        0         0         0         0     0.546 


And now We solve QRx=b for x, whcih gives

1.38184
1.75785
-1.77393
-1.19598
-0.343045

checking Ax=b

 Ax is

0.218257
0.524287
0.769914
0.919026
0.663227


 the vector b is 

0.218257
0.524287
0.769914
0.919026
0.663227


As we can see, they fit

We now test my GS_invert void function
The generated matrix

     0.89     0.349    0.0642      0.02     0.458 
   0.0631     0.238     0.971     0.902     0.851 
    0.267      0.54     0.375      0.76     0.513 
    0.668     0.532    0.0393     0.438     0.932 
    0.931     0.721     0.284     0.739      0.64 


THe inverted matrix

        0     0.585         0         0      3.38 
     5.44         0      9.82         0         0 
     3.58     0.407      3.51         0         0 
        0     0.836         0     0.956      5.97 
    0.055     0.369         0      1.66         0 


The matrix product of the two matrixes gives:

        1         0         0         0         0 
        0         1         0         0         0 
        0         0         1         0         0 
        0         0         0         1         0 
        0         0         0         0         1 


Which tells us that it works
