-5 0.00673795 0.00673795
-4.9 0.00744658 0.00744658
-4.8 0.00822975 0.00822975
-4.7 0.00909528 0.00909528
-4.6 0.0100518 0.0100518
-4.5 0.011109 0.011109
-4.4 0.0122773 0.0122773
-4.3 0.0135686 0.0135686
-4.2 0.0149956 0.0149956
-4.1 0.0165727 0.0165727
-4 0.0183156 0.0183156
-3.9 0.0202419 0.0202419
-3.8 0.0223708 0.0223708
-3.7 0.0247235 0.0247235
-3.6 0.0273237 0.0273237
-3.5 0.0301974 0.0301974
-3.4 0.0333733 0.0333733
-3.3 0.0368832 0.0368832
-3.2 0.0407622 0.0407622
-3.1 0.0450492 0.0450492
-3 0.0497871 0.0497871
-2.9 0.0550232 0.0550232
-2.8 0.0608101 0.0608101
-2.7 0.0672055 0.0672055
-2.6 0.0742736 0.0742736
-2.5 0.082085 0.082085
-2.4 0.090718 0.090718
-2.3 0.100259 0.100259
-2.2 0.110803 0.110803
-2.1 0.122456 0.122456
-2 0.135335 0.135335
-1.9 0.149569 0.149569
-1.8 0.165299 0.165299
-1.7 0.182684 0.182684
-1.6 0.201897 0.201897
-1.5 0.22313 0.22313
-1.4 0.246597 0.246597
-1.3 0.272532 0.272532
-1.2 0.301194 0.301194
-1.1 0.332871 0.332871
-1 0.367879 0.367879
-0.9 0.40657 0.40657
-0.8 0.449329 0.449329
-0.7 0.496585 0.496585
-0.6 0.548812 0.548812
-0.5 0.606531 0.606531
-0.4 0.67032 0.67032
-0.3 0.740818 0.740818
-0.2 0.818731 0.818731
-0.1 0.904837 0.904837
-1.02696e-15 1 1
0.1 1.10517 1.10517
0.2 1.2214 1.2214
0.3 1.34986 1.34986
0.4 1.49182 1.49182
0.5 1.64872 1.64872
0.6 1.82212 1.82212
0.7 2.01375 2.01375
0.8 2.22554 2.22554
0.9 2.4596 2.4596
1 2.71828 2.71828
1.1 3.00417 3.00417
1.2 3.32012 3.32012
1.3 3.6693 3.6693
1.4 4.0552 4.0552
1.5 4.48169 4.48169
1.6 4.95303 4.95303
1.7 5.47395 5.47395
1.8 6.04965 6.04965
1.9 6.68589 6.68589
2 7.38906 7.38906
2.1 8.16617 8.16617
2.2 9.02501 9.02501
2.3 9.97418 9.97418
2.4 11.0232 11.0232
2.5 12.1825 12.1825
2.6 13.4637 13.4637
2.7 14.8797 14.8797
2.8 16.4446 16.4446
2.9 18.1741 18.1741
3 20.0855 20.0855
3.1 22.198 22.198
3.2 24.5325 24.5325
3.3 27.1126 27.1126
3.4 29.9641 29.9641
3.5 33.1155 33.1155
3.6 36.5982 36.5982
3.7 40.4473 40.4473
3.8 44.7012 44.7012
3.9 49.4024 49.4024
4 54.5982 54.5982
4.1 60.3403 60.3403
4.2 66.6863 66.6863
4.3 73.6998 73.6998
4.4 81.4509 81.4509
4.5 90.0171 90.0171
4.6 99.4843 99.4843
4.7 109.947 109.947
4.8 121.51 121.51
4.9 134.29 134.29
5 148.413 148.413
