# index 0 : The test of x*2
0.1 0.1 0.995
0.24651 0.244704 0.96967
0.432521 0.42084 0.907377
0.64846 0.606967 0.795346
0.885504 0.778446 0.629123
1.13677 0.911948 0.413669
1.39734 0.988779 0.161997
1.66389 0.996834 -0.107316
1.93423 0.931397 -0.372877
2.20694 0.795074 -0.613014
2.48112 0.597109 -0.807969
2.75621 0.352255 -0.941655
3.03184 0.0793289 -1.00298
3.30778 -0.200454 -0.986682
3.58389 -0.465249 -0.893722
3.86009 -0.694346 -0.731134
4.13631 -0.869812 -0.511448
4.41252 -0.977901 -0.251683
4.68871 -1.01012 0.0279962
4.96485 -0.963872 0.305862
  5 -0.952525 0.339555


